1000000000000.0000000000 0.6713832903 50162470.7826197520
1500000000000.0000000000 0.6583549471 51778713.8209895119
2250000000000.0000000000 0.6445538956 54118122.8599394485
3375000000000.0000000000 0.6302474544 57429591.4222274348
5062500000000.0000000000 0.6162204433 61920457.1857438982
7593750000000.0000000000 0.6035740182 67848600.9218584597
11390625000000.0000000000 0.5925536172 75852396.2372204214
17085937500000.0000000000 0.5852583986 85821479.5394793004
25628906250000.0000000000 0.5830114825 98225765.0896706283
38443359375000.0000000000 0.5865138537 113388025.2940469831
57665039062500.0000000000 0.5968758792 133218540.2457161695
86497558593750.0000000000 0.6153699856 165304520.9280092418
129746337890625.0000000000 0.6192745696 242810424.5421397388
194619506835937.5000000000 0.1080750927 4324022.0261217672
291929260253906.2500000000 0.2032067420 1602815.0472787439
437893890380859.3750000000 0.4315518289 1256755.1078691999
656840835571289.0000000000 0.8690160247 1198758.1093979024
985261253356933.5000000000 1.4082371669 1176409.4889418890
1477891880035400.2500000000 1.8315619028 1124536.8187862425
2216837820053100.5000000000 2.0262051152 1049460.4113948110
3325256730079651.0000000000 2.0440670101 972978.4754633107
4987885095119476.0000000000 1.9760332471 907097.9851899223
