1356227105806314033661555605984247808.0000000000 2833801157212110.0000000000 0.0000000000
1356227105806314033661555605984247808.0000000000 2833801157212110.0000000000 0.0000000000
1356227105806314033661555605984247808.0000000000 2833801157212110.0000000000 0.0000000000
1356227105806314033661555605984247808.0000000000 2833801157212110.0000000000 0.0000000000
1356227105806314033661555605984247808.0000000000 2833801157212110.0000000000 0.0000000000
1356227105806314033661555605984247808.0000000000 2833801157212110.0000000000 0.0000000000
1356227105806314033661555605984247808.0000000000 2833801157212110.0000000000 0.0000000000
1356227105806314033661555605984247808.0000000000 2833801157212110.0000000000 0.0000000000
1356227105806314033661555605984247808.0000000000 2833801157212110.0000000000 0.0000000000
1356227105806314033661555605984247808.0000000000 2833801157212110.0000000000 0.0000000000
1356227105806314033661555605984247808.0000000000 2833801157212110.0000000000 0.0000000000
1356227105806314033661555605984247808.0000000000 2833801157212110.0000000000 0.0000000000
1356227105806314033661555605984247808.0000000000 2833801157212110.0000000000 0.0000000000
1356227105806314033661555605984247808.0000000000 2833801157212110.0000000000 0.0000000000
1356227105806314033661555605984247808.0000000000 2833801157212110.0000000000 0.0000000000
1356227105806314033661555605984247808.0000000000 2833801157212110.0000000000 0.0000000000
1356227105806314033661555605984247808.0000000000 2833801157212110.0000000000 0.0000000000
1356227105806314033661555605984247808.0000000000 2833801157212110.0000000000 0.0000000000
1356227105806314033661555605984247808.0000000000 2833801157212110.0000000000 0.0000000000
1356227105806314033661555605984247808.0000000000 2833801157212110.0000000000 0.0000000000
1356227105806314033661555605984247808.0000000000 2833801157212110.0000000000 0.0000000000
1356227105806314033661555605984247808.0000000000 2833801157212110.0000000000 0.0000000000
1356227105806314033661555605984247808.0000000000 2833801157212110.0000000000 0.0000000000
1356227105806314033661555605984247808.0000000000 2833801157212110.0000000000 0.0000000000
1356227105806314033661555605984247808.0000000000 2833801157212110.0000000000 0.0000000000
1356227105806314033661555605984247808.0000000000 2833801157212110.0000000000 0.0000000000
1356227105806314033661555605984247808.0000000000 2833801157212110.0000000000 0.0000000000
1356227105806314033661555605984247808.0000000000 2833801157212110.0000000000 0.0000000000
1356227105806314033661555605984247808.0000000000 2833801157212110.0000000000 0.0000000000
1356227105806314033661555605984247808.0000000000 2833801157212110.0000000000 0.0000000000
1356227105806314033661555605984247808.0000000000 2833801157212110.0000000000 0.0000000000
1356227105806314033661555605984247808.0000000000 2833801157212110.0000000000 0.0000000000
1356227105806314033661555605984247808.0000000000 2833801157212110.0000000000 0.0000000000
1356227105806314033661555605984247808.0000000000 2833801157212110.0000000000 0.0000000000
1356227105806314033661555605984247808.0000000000 2833801157212110.0000000000 0.0000000000
1356227105806314033661555605984247808.0000000000 2833801157212110.0000000000 0.0000000000
1356227105806314033661555605984247808.0000000000 2833801157212110.0000000000 0.0000000000
1356227105806314033661555605984247808.0000000000 2833801157212110.0000000000 0.0000000000
1356227105806314033661555605984247808.0000000000 2833801157212110.0000000000 0.0000000000
1356227105806314033661555605984247808.0000000000 2833801157212110.0000000000 0.0000000000
1356227105806314033661555605984247808.0000000000 2833801157212110.0000000000 0.0000000000
1356227105806314033661555605984247808.0000000000 2833801157212110.0000000000 0.0000000000
1356227105806314033661555605984247808.0000000000 2833801157212110.0000000000 0.0000000000
1356227105806314033661555605984247808.0000000000 2833801157212110.0000000000 0.0000000000
1356227105806314033661555605984247808.0000000000 2833801157212110.0000000000 0.0000000000
1356227105806314033661555605984247808.0000000000 2833801157212110.0000000000 0.0000000000
1356227105806314033661555605984247808.0000000000 2833801157212110.0000000000 0.0000000000
1356227105806314033661555605984247808.0000000000 2833801157212110.0000000000 0.0000000000
1356227105806314033661555605984247808.0000000000 2833801157212110.0000000000 0.0000000000
1356227105806314033661555605984247808.0000000000 2833801157212110.0000000000 0.0000000000
1356227105806314033661555605984247808.0000000000 2833801157212110.0000000000 0.0000000000
1356227105806314033661555605984247808.0000000000 2833801157212110.0000000000 0.0000000000
1356227105806314033661555605984247808.0000000000 2833801157212110.0000000000 0.0000000000
1356227105806314033661555605984247808.0000000000 2833801157212110.0000000000 0.0000000000
1356227105806314033661555605984247808.0000000000 2833801157212110.0000000000 0.0000000000
1356227105806314033661555605984247808.0000000000 2833801157212110.0000000000 0.0000000000
1356227105806314033661555605984247808.0000000000 2833801157212110.0000000000 0.0000000000
1356227105806314033661555605984247808.0000000000 2833801157212110.0000000000 0.0000000000
1356227105806314033661555605984247808.0000000000 2833801157212110.0000000000 0.0000000000
1356227105806314033661555605984247808.0000000000 2833801157212110.0000000000 0.0000000000
1356227105806314033661555605984247808.0000000000 2833801157212110.0000000000 0.0000000000
1356227105806314033661555605984247808.0000000000 2833801157212110.0000000000 0.0000000000
1356227105806314033661555605984247808.0000000000 2833801157212110.0000000000 0.0000000000
1356227105806314033661555605984247808.0000000000 2833801157212110.0000000000 0.0000000000
1356227105806314033661555605984247808.0000000000 2833801157212110.0000000000 0.0000000000
1356227105806314033661555605984247808.0000000000 2833801157212110.0000000000 0.0000000000
1356227105806314033661555605984247808.0000000000 2833801157212110.0000000000 0.0000000000
1356227105806314033661555605984247808.0000000000 2833801157212110.0000000000 0.0000000000
1356227105806314033661555605984247808.0000000000 2833801157212110.0000000000 0.0000000000
1356227105806314033661555605984247808.0000000000 2833801157212110.0000000000 0.0000000000
1356227105806314033661555605984247808.0000000000 2833801157212110.0000000000 0.0000000000
1356227105806314033661555605984247808.0000000000 2833801157212110.0000000000 0.0000000000
1356227105806314033661555605984247808.0000000000 2833801157212110.0000000000 0.0000000000
1356227105806314033661555605984247808.0000000000 2833801157212110.0000000000 0.0000000000
1356227105806314033661555605984247808.0000000000 2833801157212110.0000000000 0.0000000000
1356227105806314033661555605984247808.0000000000 2833801157212110.0000000000 0.0000000000
1356227105806314033661555605984247808.0000000000 2833801157212110.0000000000 0.0000000000
1356227105806314033661555605984247808.0000000000 2833801157212110.0000000000 0.0000000000
1356227105806314033661555605984247808.0000000000 2833801157212110.0000000000 0.0000000000
1356227105806314033661555605984247808.0000000000 2833801157212110.0000000000 0.0000000000
1356227105806314033661555605984247808.0000000000 2833801157212110.0000000000 0.0000000000
1356227105806314033661555605984247808.0000000000 2833801157212110.0000000000 0.0000000000
1356227105806314033661555605984247808.0000000000 2833801157212110.0000000000 0.0000000000
1356227105806314033661555605984247808.0000000000 2833801157212110.0000000000 0.0000000000
1356227105806314033661555605984247808.0000000000 2833801157212110.0000000000 0.0000000000
1356227105806314033661555605984247808.0000000000 2833801157212110.0000000000 0.0000000000
1356227105806314033661555605984247808.0000000000 2833801157212110.0000000000 0.0000000000
1356227105806314033661555605984247808.0000000000 2833801157212110.0000000000 0.0000000000
1356227105806314033661555605984247808.0000000000 2833801157212110.0000000000 0.0000000000
1356227105806314033661555605984247808.0000000000 2833801157212110.0000000000 0.0000000000
1356227105806314033661555605984247808.0000000000 2833801157212110.0000000000 0.0000000000
1356227105806314033661555605984247808.0000000000 2833801157212110.0000000000 0.0000000000
1356227105806314033661555605984247808.0000000000 2833801157212110.0000000000 0.0000000000
1356227105806314033661555605984247808.0000000000 2833801157212110.0000000000 0.0000000000
1356227105806314033661555605984247808.0000000000 2833801157212110.0000000000 0.0000000000
1356227105806314033661555605984247808.0000000000 2833801157212110.0000000000 0.0000000000
1356227105806314033661555605984247808.0000000000 2833801157212110.0000000000 0.0000000000
1356227105806314033661555605984247808.0000000000 2833801157212110.0000000000 0.0000000000
1356227105806314033661555605984247808.0000000000 2833801157212110.0000000000 0.0000000000
1356227105806314033661555605984247808.0000000000 2833801157212110.0000000000 0.0000000000
1356227105806314033661555605984247808.0000000000 2833801157212110.0000000000 0.0000000000
1356227105806314033661555605984247808.0000000000 2833801157212110.0000000000 0.0000000000
1356227105806314033661555605984247808.0000000000 2833801157212110.0000000000 0.0000000000
1356227105806314033661555605984247808.0000000000 2833801157212110.0000000000 0.0000000000
1356227105806314033661555605984247808.0000000000 2833801157212110.0000000000 0.0000000000
1356227105806314033661555605984247808.0000000000 2833801157212110.0000000000 0.0000000000
1356227105806314033661555605984247808.0000000000 2833801157212110.0000000000 0.0000000000
1356227105806314033661555605984247808.0000000000 2833801157212110.0000000000 0.0000000000
1356227105806314033661555605984247808.0000000000 2833801157212110.0000000000 0.0000000000
1356227105806314033661555605984247808.0000000000 2833801157212110.0000000000 0.0000000000
1356227105806314033661555605984247808.0000000000 2833801157212110.0000000000 0.0000000000
1356227105806314033661555605984247808.0000000000 2833801157212110.0000000000 0.0000000000
1356227105806314033661555605984247808.0000000000 2833801157212110.0000000000 0.0000000000
1356227105806314033661555605984247808.0000000000 2833801157212110.0000000000 0.0000000000
1356227105806314033661555605984247808.0000000000 2833801157212110.0000000000 0.0000000000
1356227105806314033661555605984247808.0000000000 2833801157212110.0000000000 0.0000000000
1356227105806314033661555605984247808.0000000000 2833801157212110.0000000000 0.0000000000
1356227105806314033661555605984247808.0000000000 2833801157212110.0000000000 0.0000000000
1356227105806314033661555605984247808.0000000000 2833801157212110.0000000000 0.0000000000
1356227105806314033661555605984247808.0000000000 2833801157212110.0000000000 0.0000000000
1356227105806314033661555605984247808.0000000000 2833801157212110.0000000000 0.0000000000
1356227105806314033661555605984247808.0000000000 2833801157212110.0000000000 0.0000000000
1356227105806314033661555605984247808.0000000000 2833801157212110.0000000000 0.0000000000
1356227105806314033661555605984247808.0000000000 2833801157212110.0000000000 0.0000000000
1356227105806314033661555605984247808.0000000000 2833801157212110.0000000000 0.0000000000
1356227105806314033661555605984247808.0000000000 2833801157212110.0000000000 0.0000000000
1356227105806314033661555605984247808.0000000000 2833801157212110.0000000000 0.0000000000
1356227105806314033661555605984247808.0000000000 2833801157212110.0000000000 0.0000000000
1356227105806314033661555605984247808.0000000000 2833801157212110.0000000000 0.0000000000
1356227105806314033661555605984247808.0000000000 2833801157212110.0000000000 0.0000000000
1356227105806314033661555605984247808.0000000000 2833801157212110.0000000000 0.0000000000
1356227105806314033661555605984247808.0000000000 2833801157212110.0000000000 0.0000000000
1356227105806314033661555605984247808.0000000000 2833801157212110.0000000000 0.0000000000
1356227105806314033661555605984247808.0000000000 2833801157212110.0000000000 0.0000000000
1356227105806314033661555605984247808.0000000000 2833801157212110.0000000000 0.0000000000
1356227105806314033661555605984247808.0000000000 2833801157212110.0000000000 0.0000000000
1356227105806314033661555605984247808.0000000000 2833801157212110.0000000000 0.0000000000
1356227105806314033661555605984247808.0000000000 2833801157212110.0000000000 0.0000000000
1356227105806314033661555605984247808.0000000000 2833801157212110.0000000000 0.0000000000
1356227105806314033661555605984247808.0000000000 2833801157212110.0000000000 0.0000000000
1356227105806314033661555605984247808.0000000000 2833801157212110.0000000000 0.0000000000
1356227105806314033661555605984247808.0000000000 2833801157212110.0000000000 0.0000000000
1356227105806314033661555605984247808.0000000000 2833801157212110.0000000000 0.0000000000
1356227105806314033661555605984247808.0000000000 2833801157212110.0000000000 0.0000000000
1356227105806314033661555605984247808.0000000000 2833801157212110.0000000000 0.0000000000
1356227105806314033661555605984247808.0000000000 2833801157212110.0000000000 0.0000000000
1356227105806314033661555605984247808.0000000000 2833801157212110.0000000000 0.0000000000
1356227105806314033661555605984247808.0000000000 2833801157212110.0000000000 0.0000000000
1356227105806314033661555605984247808.0000000000 2833801157212110.0000000000 0.0000000000
1356227105806314033661555605984247808.0000000000 2833801157212110.0000000000 0.0000000000
1356227105806314033661555605984247808.0000000000 2833801157212110.0000000000 0.0000000000
1356227105806314033661555605984247808.0000000000 2833801157212110.0000000000 0.0000000000
1356227105806314033661555605984247808.0000000000 2833801157212110.0000000000 0.0000000000
1356227105806314033661555605984247808.0000000000 2833801157212110.0000000000 0.0000000000
1356227105806314033661555605984247808.0000000000 2833801157212110.0000000000 0.0000000000
1356227105806314033661555605984247808.0000000000 2833801157212110.0000000000 0.0000000000
1356227105806314033661555605984247808.0000000000 2833801157212110.0000000000 0.0000000000
1356227105806314033661555605984247808.0000000000 2833801157212110.0000000000 0.0000000000
1356227105806314033661555605984247808.0000000000 2833801157212110.0000000000 0.0000000000
1356227105806314033661555605984247808.0000000000 2833801157212110.0000000000 0.0000000000
1356227105806314033661555605984247808.0000000000 2833801157212110.0000000000 0.0000000000
1356227105806314033661555605984247808.0000000000 2833801157212110.0000000000 0.0000000000
1356227105806314033661555605984247808.0000000000 2833801157212110.0000000000 0.0000000000
1356227105806314033661555605984247808.0000000000 2833801157212110.0000000000 0.0000000000
1356227105806314033661555605984247808.0000000000 2833801157212110.0000000000 0.0000000000
1356227105806314033661555605984247808.0000000000 2833801157212110.0000000000 0.0000000000
1356227105806314033661555605984247808.0000000000 2833801157212110.0000000000 0.0000000000
1356227105806314033661555605984247808.0000000000 2833801157212110.0000000000 0.0000000000
1356227105806314033661555605984247808.0000000000 2833801157212110.0000000000 0.0000000000
1356227105806314033661555605984247808.0000000000 2833801157212110.0000000000 0.0000000000
1356227105806314033661555605984247808.0000000000 2833801157212110.0000000000 0.0000000000
1356227105806314033661555605984247808.0000000000 2833801157212110.0000000000 0.0000000000
1356227105806314033661555605984247808.0000000000 2833801157212110.0000000000 0.0000000000
1356227105806314033661555605984247808.0000000000 2833801157212110.0000000000 0.0000000000
1356227105806314033661555605984247808.0000000000 2833801157212110.0000000000 0.0000000000
1356227105806314033661555605984247808.0000000000 2833801157212110.0000000000 0.0000000000
1356227105806314033661555605984247808.0000000000 2833801157212110.0000000000 0.0000000000
1356227105806314033661555605984247808.0000000000 2833801157212110.0000000000 0.0000000000
1356227105806314033661555605984247808.0000000000 2833801157212110.0000000000 0.0000000000
1356227105806314033661555605984247808.0000000000 2833801157212110.0000000000 0.0000000000
1356227105806314033661555605984247808.0000000000 2833801157212110.0000000000 0.0000000000
1356227105806314033661555605984247808.0000000000 2833801157212110.0000000000 0.0000000000
1356227105806314033661555605984247808.0000000000 2833801157212110.0000000000 0.0000000000
1356227105806314033661555605984247808.0000000000 2833801157212110.0000000000 0.0000000000
1356227105806314033661555605984247808.0000000000 2833801157212110.0000000000 0.0000000000
1356227105806314033661555605984247808.0000000000 2833801157212110.0000000000 0.0000000000
1356227105806314033661555605984247808.0000000000 2833801157212110.0000000000 0.0000000000
1356227105806314033661555605984247808.0000000000 2833801157212110.0000000000 0.0000000000
1356227105806314033661555605984247808.0000000000 2833801157212110.0000000000 0.0000000000
1356227105806314033661555605984247808.0000000000 2833801157212110.0000000000 0.0000000000
1356227105806314033661555605984247808.0000000000 2833801157212110.0000000000 0.0000000000
1356227105806314033661555605984247808.0000000000 2833801157212110.0000000000 0.0000000000
1356227105806314033661555605984247808.0000000000 2833801157212110.0000000000 0.0000000000
1356227105806314033661555605984247808.0000000000 2833801157212110.0000000000 0.0000000000
1356227105806314033661555605984247808.0000000000 2833801157212110.0000000000 0.0000000000
1356227105806314033661555605984247808.0000000000 2833801157212110.0000000000 0.0000000000
1356227105806314033661555605984247808.0000000000 2833801157212110.0000000000 0.0000000000
1356227105806314033661555605984247808.0000000000 2833801157212110.0000000000 0.0000000000
1356227105806314033661555605984247808.0000000000 2833801157212110.0000000000 0.0000000000
1356227105806314033661555605984247808.0000000000 2833801157212110.0000000000 0.0000000000
1356227105806314033661555605984247808.0000000000 2833801157212110.0000000000 0.0000000000
1356227105806314033661555605984247808.0000000000 2833801157212110.0000000000 0.0000000000
1356227105806314033661555605984247808.0000000000 2833801157212110.0000000000 0.0000000000
1356227105806314033661555605984247808.0000000000 2833801157212110.0000000000 0.0000000000
1356227105806314033661555605984247808.0000000000 2833801157212110.0000000000 0.0000000000
1356227105806314033661555605984247808.0000000000 2833801157212110.0000000000 0.0000000000
1356227105806314033661555605984247808.0000000000 2833801157212110.0000000000 0.0000000000
1356227105806314033661555605984247808.0000000000 2833801157212110.0000000000 0.0000000000
1356227105806314033661555605984247808.0000000000 2833801157212110.0000000000 0.0000000000
1356227105806314033661555605984247808.0000000000 2833801157212110.0000000000 0.0000000000
1356227105806314033661555605984247808.0000000000 2833801157212110.0000000000 0.0000000000
1356227105806314033661555605984247808.0000000000 2833801157212110.0000000000 0.0000000000
1356227105806314033661555605984247808.0000000000 2833801157212110.0000000000 0.0000000000
1356227105806314033661555605984247808.0000000000 2833801157212110.0000000000 0.0000000000
1356227105806314033661555605984247808.0000000000 2833801157212110.0000000000 0.0000000000
1356227105806314033661555605984247808.0000000000 2833801157212110.0000000000 0.0000000000
1356227105806314033661555605984247808.0000000000 2833801157212110.0000000000 0.0000000000
1356227105806314033661555605984247808.0000000000 2833801157212110.0000000000 0.0000000000
1356227105806314033661555605984247808.0000000000 2833801157212110.0000000000 0.0000000000
1356227105806314033661555605984247808.0000000000 2833801157212110.0000000000 0.0000000000
1356227105806314033661555605984247808.0000000000 2833801157212110.0000000000 0.0000000000
1356227105806314033661555605984247808.0000000000 2833801157212110.0000000000 0.0000000000
1356227105806314033661555605984247808.0000000000 2833801157212110.0000000000 0.0000000000
1356227105806314033661555605984247808.0000000000 2833801157212110.0000000000 0.0000000000
1356227105806314033661555605984247808.0000000000 2833801157212110.0000000000 0.0000000000
1356227105806314033661555605984247808.0000000000 2833801157212110.0000000000 0.0000000000
1356227105806314033661555605984247808.0000000000 2833801157212110.0000000000 0.0000000000
1356227105806314033661555605984247808.0000000000 2833801157212110.0000000000 0.0000000000
1356227105806314033661555605984247808.0000000000 2833801157212110.0000000000 0.0000000000
1356227105806314033661555605984247808.0000000000 2833801157212110.0000000000 0.0000000000
1356227105806314033661555605984247808.0000000000 2833801157212110.0000000000 0.0000000000
1356227105806314033661555605984247808.0000000000 2833801157212110.0000000000 0.0000000000
1356227105806314033661555605984247808.0000000000 2833801157212110.0000000000 0.0000000000
1356227105806314033661555605984247808.0000000000 2833801157212110.0000000000 0.0000000000
1356227105806314033661555605984247808.0000000000 2833801157212110.0000000000 0.0000000000
1356227105806314033661555605984247808.0000000000 2833801157212110.0000000000 0.0000000000
1356227105806314033661555605984247808.0000000000 2833801157212110.0000000000 0.0000000000
1356227105806314033661555605984247808.0000000000 2833801157212110.0000000000 0.0000000000
1356227105806314033661555605984247808.0000000000 2833801157212110.0000000000 0.0000000000
1356227105806314033661555605984247808.0000000000 2833801157212110.0000000000 0.0000000000
1356227105806314033661555605984247808.0000000000 2833801157212110.0000000000 0.0000000000
1356227105806314033661555605984247808.0000000000 2833801157212110.0000000000 0.0000000000
1356227105806314033661555605984247808.0000000000 2833801157212110.0000000000 0.0000000000
1356227105806314033661555605984247808.0000000000 2833801157212110.0000000000 0.0000000000
1356227105806314033661555605984247808.0000000000 2833801157212110.0000000000 0.0000000000
1356227105806314033661555605984247808.0000000000 2833801157212110.0000000000 0.0000000000
1356227105806314033661555605984247808.0000000000 2833801157212110.0000000000 0.0000000000
1356227105806314033661555605984247808.0000000000 2833801157212110.0000000000 0.0000000000
1356227105806314033661555605984247808.0000000000 2833801157212110.0000000000 0.0000000000
1356227105806314033661555605984247808.0000000000 2833801157212110.0000000000 0.0000000000
1356227105806314033661555605984247808.0000000000 2833801157212110.0000000000 0.0000000000
1356227105806314033661555605984247808.0000000000 2833801157212110.0000000000 0.0000000000
1356227105806314033661555605984247808.0000000000 2833801157212110.0000000000 0.0000000000
1356227105806314033661555605984247808.0000000000 2833801157212110.0000000000 0.0000000000
1356227105806314033661555605984247808.0000000000 2833801157212110.0000000000 0.0000000000
1356227105806314033661555605984247808.0000000000 2833801157212110.0000000000 0.0000000000
1356227105806314033661555605984247808.0000000000 2833801157212110.0000000000 0.0000000000
1356227105806314033661555605984247808.0000000000 2833801157212110.0000000000 0.0000000000
1356227105806314033661555605984247808.0000000000 2833801157212110.0000000000 0.0000000000
1356227105806314033661555605984247808.0000000000 2833801157212110.0000000000 0.0000000000
1356227105806314033661555605984247808.0000000000 2833801157212110.0000000000 0.0000000000
1356227105806314033661555605984247808.0000000000 2833801157212110.0000000000 0.0000000000
1356227105806314033661555605984247808.0000000000 2833801157212110.0000000000 0.0000000000
1356227105806314033661555605984247808.0000000000 2833801157212110.0000000000 0.0000000000
1356227105806314033661555605984247808.0000000000 2833801157212110.0000000000 0.0000000000
1356227105806314033661555605984247808.0000000000 2833801157212110.0000000000 0.0000000000
1356227105806314033661555605984247808.0000000000 2833801157212110.0000000000 0.0000000000
1356227105806314033661555605984247808.0000000000 2833801157212110.0000000000 0.0000000000
1356227105806314033661555605984247808.0000000000 2833801157212110.0000000000 0.0000000000
1356227105806314033661555605984247808.0000000000 2833801157212110.0000000000 0.0000000000
1356227105806314033661555605984247808.0000000000 2833801157212110.0000000000 0.0000000000
1356227105806314033661555605984247808.0000000000 2833801157212110.0000000000 0.0000000000
1356227105806314033661555605984247808.0000000000 2833801157212110.0000000000 0.0000000000
1356227105806314033661555605984247808.0000000000 2833801157212110.0000000000 0.0000000000
1356227105806314033661555605984247808.0000000000 2833801157212110.0000000000 0.0000000000
1356227105806314033661555605984247808.0000000000 2833801157212110.0000000000 0.0000000000
1356227105806314033661555605984247808.0000000000 2833801157212110.0000000000 0.0000000000
1356227105806314033661555605984247808.0000000000 2833801157212110.0000000000 0.0000000000
1356227105806314033661555605984247808.0000000000 2833801157212110.0000000000 0.0000000000
1356227105806314033661555605984247808.0000000000 2833801157212110.0000000000 0.0000000000
1356227105806314033661555605984247808.0000000000 2833801157212110.0000000000 0.0000000000
1356227105806314033661555605984247808.0000000000 2833801157212110.0000000000 0.0000000000
1356227105806314033661555605984247808.0000000000 2833801157212110.0000000000 0.0000000000
1356227105806314033661555605984247808.0000000000 2833801157212110.0000000000 0.0000000000
1356227105806314033661555605984247808.0000000000 2833801157212110.0000000000 0.0000000000
1356227105806314033661555605984247808.0000000000 2833801157212110.0000000000 0.0000000000
1356227105806314033661555605984247808.0000000000 2833801157212110.0000000000 0.0000000000
1356227105806314033661555605984247808.0000000000 2833801157212110.0000000000 0.0000000000
1356227105806314033661555605984247808.0000000000 2833801157212110.0000000000 0.0000000000
1356227105806314033661555605984247808.0000000000 2833801157212110.0000000000 0.0000000000
1356227105806314033661555605984247808.0000000000 2833801157212110.0000000000 0.0000000000
1356227105806314033661555605984247808.0000000000 2833801157212110.0000000000 0.0000000000
1356227105806314033661555605984247808.0000000000 2833801157212110.0000000000 0.0000000000
1356227105806314033661555605984247808.0000000000 2833801157212110.0000000000 0.0000000000
1356227105806314033661555605984247808.0000000000 2833801157212110.0000000000 0.0000000000
1356227105806314033661555605984247808.0000000000 2833801157212110.0000000000 0.0000000000
1356227105806314033661555605984247808.0000000000 2833801157212110.0000000000 0.0000000000
1356227105806314033661555605984247808.0000000000 2833801157212110.0000000000 0.0000000000
1356227105806314033661555605984247808.0000000000 2833801157212110.0000000000 0.0000000000
1356227105806314033661555605984247808.0000000000 2833801157212110.0000000000 0.0000000000
1356227105806314033661555605984247808.0000000000 2833801157212110.0000000000 0.0000000000
1356227105806314033661555605984247808.0000000000 2833801157212110.0000000000 0.0000000000
1356227105806314033661555605984247808.0000000000 2833801157212110.0000000000 0.0000000000
1356227105806314033661555605984247808.0000000000 2833801157212110.0000000000 0.0000000000
1356227105806314033661555605984247808.0000000000 2833801157212110.0000000000 0.0000000001
1356227105806314033661555605984247808.0000000000 2833801157212110.0000000000 0.0000000001
1356227105806314033661555605984247808.0000000000 2833801157212110.0000000000 0.0000000001
1356227105806314033661555605984247808.0000000000 2833801157212110.0000000000 0.0000000001
1356227105806314033661555605984247808.0000000000 2833801157212110.0000000000 0.0000000001
1356227105806314033661555605984247808.0000000000 2833801157212110.0000000000 0.0000000001
1356227105806314033661555605984247808.0000000000 2833801157212110.0000000000 0.0000000001
1356227105806314033661555605984247808.0000000000 2833801157212110.0000000000 0.0000000001
1356227105806314033661555605984247808.0000000000 2833801157212110.0000000000 0.0000000001
1356227105806314033661555605984247808.0000000000 2833801157212110.0000000000 0.0000000001
1356227105806314033661555605984247808.0000000000 2833801157212110.0000000000 0.0000000001
1356227105806314033661555605984247808.0000000000 2833801157212110.0000000000 0.0000000001
1356227105806314033661555605984247808.0000000000 2833801157212110.0000000000 0.0000000001
1356227105806314033661555605984247808.0000000000 2833801157212110.0000000000 0.0000000001
1356227105806314033661555605984247808.0000000000 2833801157212110.0000000000 0.0000000001
1356227105806314033661555605984247808.0000000000 2833801157212110.0000000000 0.0000000002
1356227105806314033661555605984247808.0000000000 2833801157212110.0000000000 0.0000000002
1356227105806314033661555605984247808.0000000000 2833801157212110.0000000000 0.0000000002
1356227105806314033661555605984247808.0000000000 2833801157212110.0000000000 0.0000000002
1356227105806314033661555605984247808.0000000000 2833801157212110.0000000000 0.0000000002
1356227105806314033661555605984247808.0000000000 2833801157212110.0000000000 0.0000000002
1356227105806314033661555605984247808.0000000000 2833801157212110.0000000000 0.0000000002
1356227105806314033661555605984247808.0000000000 2833801157212110.0000000000 0.0000000003
1356227105806314033661555605984247808.0000000000 2833801157212110.0000000000 0.0000000003
1356227105806314033661555605984247808.0000000000 2833801157212110.0000000000 0.0000000003
1356227105806314033661555605984247808.0000000000 2833801157212110.0000000000 0.0000000003
1356227105806314033661555605984247808.0000000000 2833801157212110.0000000000 0.0000000004
1356227105806314033661555605984247808.0000000000 2833801157212110.0000000000 0.0000000004
1356227105806314033661555605984247808.0000000000 2833801157212110.0000000000 0.0000000004
1356227105806314033661555605984247808.0000000000 2833801157212110.0000000000 0.0000000004
1356227105806314033661555605984247808.0000000000 2833801157212110.0000000000 0.0000000005
1356227105806314033661555605984247808.0000000000 2833801157212110.0000000000 0.0000000005
1356227105806314033661555605984247808.0000000000 2833801157212110.0000000000 0.0000000006
1356227105806314033661555605984247808.0000000000 2833801157212110.0000000000 0.0000000006
1356227105806314033661555605984247808.0000000000 2833801157212110.0000000000 0.0000000006
1356227105806314033661555605984247808.0000000000 2833801157212110.0000000000 0.0000000007
1356227105806314033661555605984247808.0000000000 2833801157212110.0000000000 0.0000000008
1356227105806314033661555605984247808.0000000000 2833801157212110.0000000000 0.0000000008
1356227105806314033661555605984247808.0000000000 2833801157212110.0000000000 0.0000000009
1356227105806314033661555605984247808.0000000000 2833801157212110.0000000000 0.0000000009
1356227105806314033661555605984247808.0000000000 2833801157212110.0000000000 0.0000000010
1356227105806314033661555605984247808.0000000000 2833801157212110.0000000000 0.0000000011
1356227105806314033661555605984247808.0000000000 2833801157212110.0000000000 0.0000000012
1356227105806314033661555605984247808.0000000000 2833801157212110.0000000000 0.0000000013
1356227105806314033661555605984247808.0000000000 2833801157212110.0000000000 0.0000000014
1356227105806314033661555605984247808.0000000000 2833801157212110.0000000000 0.0000000015
1356227105806314033661555605984247808.0000000000 2833801157212110.0000000000 0.0000000016
1356227105806314033661555605984247808.0000000000 2833801157212110.0000000000 0.0000000017
1356227105806314033661555605984247808.0000000000 2833801157212110.0000000000 0.0000000018
1356227105806314033661555605984247808.0000000000 2833801157212110.0000000000 0.0000000020
1356227105806314033661555605984247808.0000000000 2833801157212110.0000000000 0.0000000021
1356227105806314033661555605984247808.0000000000 2833801157212110.0000000000 0.0000000023
1356227105806314033661555605984247808.0000000000 2833801157212110.0000000000 0.0000000024
1356227105806314033661555605984247808.0000000000 2833801157212110.0000000000 0.0000000026
1356227105806314033661555605984247808.0000000000 2833801157212110.0000000000 0.0000000028
1356227105806314033661555605984247808.0000000000 2833801157212110.0000000000 0.0000000031
1356227105806314033661555605984247808.0000000000 2833801157212110.0000000000 0.0000000033
1356227105806314033661555605984247808.0000000000 2833801157212110.0000000000 0.0000000035
1356227105806314033661555605984247808.0000000000 2833801157212110.0000000000 0.0000000038
1356227105806314033661555605984247808.0000000000 2833801157212110.0000000000 0.0000000041
1356227105806314033661555605984247808.0000000000 2833801157212110.0000000000 0.0000000044
1356227105806314033661555605984247808.0000000000 2833801157212110.0000000000 0.0000000048
1356227105806314033661555605984247808.0000000000 2833801157212110.0000000000 0.0000000051
1356227105806314033661555605984247808.0000000000 2833801157212110.0000000000 0.0000000055
1356227105806314033661555605984247808.0000000000 2833801157212110.0000000000 0.0000000059
1356227105806314033661555605984247808.0000000000 2833801157212110.0000000000 0.0000000064
1356227105806314033661555605984247808.0000000000 2833801157212110.0000000000 0.0000000069
1356227105806314033661555605984247808.0000000000 2833801157212110.0000000000 0.0000000074
1356227105806314033661555605984247808.0000000000 2833801157212110.0000000000 0.0000000080
1356227105806314033661555605984247808.0000000000 2833801157212110.0000000000 0.0000000086
1356227105806314033661555605984247808.0000000000 2833801157212110.0000000000 0.0000000093
1356227105806314033661555605984247808.0000000000 2833801157212110.0000000000 0.0000000100
1356227105806314033661555605984247808.0000000000 2833801157212110.0000000000 0.0000000107
1356227105806314033661555605984247808.0000000000 2833801157212110.0000000000 0.0000000115
1356227105806314033661555605984247808.0000000000 2833801157212110.0000000000 0.0000000124
1356227105806314033661555605984247808.0000000000 2833801157212110.0000000000 0.0000000134
1356227105806314033661555605984247808.0000000000 2833801157212110.0000000000 0.0000000144
1356227105806314033661555605984247808.0000000000 2833801157212110.0000000000 0.0000000155
1356227105806314033661555605984247808.0000000000 2833801157212110.0000000000 0.0000000167
1356227105806314033661555605984247808.0000000000 2833801157212110.0000000000 0.0000000180
1356227105806314033661555605984247808.0000000000 2833801157212110.0000000000 0.0000000194
1356227105806314033661555605984247808.0000000000 2833801157212110.0000000000 0.0000000209
1356227105806314033661555605984247808.0000000000 2833801157212110.0000000000 0.0000000225
1356227105806314033661555605984247808.0000000000 2833801157212110.0000000000 0.0000000242
1356227105806314033661555605984247808.0000000000 2833801157212110.0000000000 0.0000000260
1356227105806314033661555605984247808.0000000000 2833801157212110.0000000000 0.0000000280
1356227105806314033661555605984247808.0000000000 2833801157212110.0000000000 0.0000000302
1356227105806314033661555605984247808.0000000000 2833801157212110.0000000000 0.0000000325
1356227105806314033661555605984247808.0000000000 2833801157212110.0000000000 0.0000000350
1356227105806314033661555605984247808.0000000000 2833801157212110.0000000000 0.0000000377
1356227105806314033661555605984247808.0000000000 2833801157212110.0000000000 0.0000000405
1356227105806314033661555605984247808.0000000000 2833801157212110.0000000000 0.0000000437
1356227105806314033661555605984247808.0000000000 2833801157212110.0000000000 0.0000000470
1356227105806314033661555605984247808.0000000000 2833801157212110.0000000000 0.0000000506
1356227105806314033661555605984247808.0000000000 2833801157212110.0000000000 0.0000000545
1356227105806314033661555605984247808.0000000000 2833801157212110.0000000000 0.0000000587
1356227105806314033661555605984247808.0000000000 2833801157212110.0000000000 0.0000000632
1356227105806314033661555605984247808.0000000000 2833801157212110.0000000000 0.0000000680
1356227105806314033661555605984247808.0000000000 2833801157212110.0000000000 0.0000000732
1356227105806314033661555605984247808.0000000000 2833801157212110.0000000000 0.0000000788
1356227105806314033661555605984247808.0000000000 2833801157212110.0000000000 0.0000000849
1356227105806314033661555605984247808.0000000000 2833801157212110.0000000000 0.0000000914
1356227105806314033661555605984247808.0000000000 2833801157212110.0000000000 0.0000000984
1356227105806314033661555605984247808.0000000000 2833801157212110.0000000000 0.0000001059
1356227105806314033661555605984247808.0000000000 2833801157212110.0000000000 0.0000001140
1356227105806314033661555605984247808.0000000000 2833801157212110.0000000000 0.0000001228
1356227105806314033661555605984247808.0000000000 2833801157212110.0000000000 0.0000001322
1356227105806314033661555605984247808.0000000000 2833801157212110.0000000000 0.0000001423
1356227105806314033661555605984247808.0000000000 2833801157212110.0000000000 0.0000001533
1356227105806314033661555605984247808.0000000000 2833801157212110.0000000000 0.0000001650
1356227105806314033661555605984247808.0000000000 2833801157212110.0000000000 0.0000001776
1356227105806314033661555605984247808.0000000000 2833801157212110.0000000000 0.0000001913
1356227105806314033661555605984247808.0000000000 2833801157212110.0000000000 0.0000002059
1356227105806314033661555605984247808.0000000000 2833801157212110.0000000000 0.0000002217
1356227105806314033661555605984247808.0000000000 2833801157212110.0000000000 0.0000002387
1356227105806314033661555605984247808.0000000000 2833801157212110.0000000000 0.0000002570
1356227105806314033661555605984247808.0000000000 2833801157212110.0000000000 0.0000002767
1356227105806314033661555605984247808.0000000000 2833801157212110.0000000000 0.0000002979
1356227105806314033661555605984247808.0000000000 2833801157212110.0000000000 0.0000003208
1356227105806314033661555605984247808.0000000000 2833801157212110.0000000000 0.0000003454
1356227105806314033661555605984247808.0000000000 2833801157212110.0000000000 0.0000003719
1356227105806314033661555605984247808.0000000000 2833801157212110.0000000000 0.0000004004
1356227105806314033661555605984247808.0000000000 2833801157212110.0000000000 0.0000004311
1356227105806314033661555605984247808.0000000000 2833801157212110.0000000000 0.0000004641
1356227105806314033661555605984247808.0000000000 2833801157212110.0000000000 0.0000004997
1356227105806314033661555605984247808.0000000000 2833801157212110.0000000000 0.0000005380
1356227105806314033661555605984247808.0000000000 2833801157212110.0000000000 0.0000005792
1356227105806314033661555605984247808.0000000000 2833801157212110.0000000000 0.0000006237
1356227105806314033661555605984247808.0000000000 2833801157212110.0000000000 0.0000006715
1356227105806314033661555605984247808.0000000000 2833801157212110.0000000000 0.0000007229
1356227105806314033661555605984247808.0000000000 2833801157212110.0000000000 0.0000007784
1356227105806314033661555605984247808.0000000000 2833801157212110.0000000000 0.0000008381
1356227105806314033661555605984247808.0000000000 2833801157212110.0000000000 0.0000009023
1356227105806314033661555605984247808.0000000000 2833801157212110.0000000000 0.0000009715
1356227105806314033661555605984247808.0000000000 2833801157212110.0000000000 0.0000010460
1356227105806314033661555605984247808.0000000000 2833801157212110.0000000000 0.0000011261
1356227105806314033661555605984247808.0000000000 2833801157212110.0000000000 0.0000012125
1356227105806314033661555605984247808.0000000000 2833801157212110.0000000000 0.0000013054
1356227105806314033661555605984247808.0000000000 2833801157212110.0000000000 0.0000014055
1356227105806314033661555605984247808.0000000000 2833801157212110.0000000000 0.0000015133
1356227105806314033661555605984247808.0000000000 2833801157212110.0000000000 0.0000016293
1356227105806314033661555605984247808.0000000000 2833801157212110.0000000000 0.0000017542
1356227105806314033661555605984247808.0000000000 2833801157212110.0000000000 0.0000018887
1356227105806314033661555605984247808.0000000000 2833801157212110.0000000000 0.0000020335
1356227105806314033661555605984247808.0000000000 2833801157212110.0000000000 0.0000021894
1356227105806314033661555605984247808.0000000000 2833801157212110.0000000000 0.0000023573
1356227105806314033661555605984247808.0000000000 2833801157212110.0000000000 0.0000025380
1356227105806314033661555605984247808.0000000000 2833801157212110.0000000000 0.0000027326
1356227105806314033661555605984247808.0000000000 2833801157212110.0000000000 0.0000029421
1356227105806314033661555605984247808.0000000000 2833801157212110.0000000000 0.0000031676
1356227105806314033661555605984247808.0000000000 2833801157212110.0000000000 0.0000034105
1356227105806314033661555605984247808.0000000000 2833801157212110.0000000000 0.0000036719
1356227105806314033661555605984247808.0000000000 2833801157212110.0000000000 0.0000039535
1356227105806314033661555605984247808.0000000000 2833801157212110.0000000000 0.0000042566
1356227105806314033661555605984247808.0000000000 2833801157212110.0000000000 0.0000045829
1356227105806314033661555605984247808.0000000000 2833801157212110.0000000000 0.0000049342
1356227105806314033661555605984247808.0000000000 2833801157212110.0000000000 0.0000053125
1356227105806314033661555605984247808.0000000000 2833801157212110.0000000000 0.0000057198
1356227105806314033661555605984247808.0000000000 2833801157212110.0000000000 0.0000061584
1356227105806314033661555605984247808.0000000000 2833801157212110.0000000000 0.0000066305
1356227105806314033661555605984247808.0000000000 2833801157212110.0000000000 0.0000071388
1356227105806314033661555605984247808.0000000000 2833801157212110.0000000000 0.0000076861
1356227105806314033661555605984247808.0000000000 2833801157212110.0000000000 0.0000082754
1356227105806314033661555605984247808.0000000000 2833801157212110.0000000000 0.0000089099
1356227105806314033661555605984247808.0000000000 2833801157212110.0000000000 0.0000095929
1356227105806314033661555605984247808.0000000000 2833801157212110.0000000000 0.0000103284
1356227105806314033661555605984247808.0000000000 2833801157212110.0000000000 0.0000111202
1356227105806314033661555605984247808.0000000000 2833801157212110.0000000000 0.0000119728
1356227105806314033661555605984247808.0000000000 2833801157212110.0000000000 0.0000128907
1356227105806314033661555605984247808.0000000000 2833801157212110.0000000000 0.0000138790
1356227105806314033661555605984247808.0000000000 2833801157212110.0000000000 0.0000149431
1356227105806314033661555605984247808.0000000000 2833801157212110.0000000000 0.0000160887
1356227105806314033661555605984247808.0000000000 2833801157212110.0000000000 0.0000173222
1356227105806314033661555605984247808.0000000000 2833801157212110.0000000000 0.0000186502
1356227105806314033661555605984247808.0000000000 2833801157212110.0000000000 0.0000200800
1356227105806314033661555605984247808.0000000000 2833801157212110.0000000000 0.0000216195
1356227105806314033661555605984247808.0000000000 2833801157212110.0000000000 0.0000232770
1356227105806314033661555605984247808.0000000000 2833801157212110.0000000000 0.0000250616
1356227105806314033661555605984247808.0000000000 2833801157212110.0000000000 0.0000269830
1356227105806314033661555605984247808.0000000000 2833801157212110.0000000000 0.0000290517
1356227105806314033661555605984247808.0000000000 2833801157212110.0000000000 0.0000312790
1356227105806314033661555605984247808.0000000000 2833801157212110.0000000000 0.0000336770
1356227105806314033661555605984247808.0000000000 2833801157212110.0000000000 0.0000362589
1356227105806314033661555605984247808.0000000000 2833801157212110.0000000000 0.0000390388
1356227105806314033661555605984247808.0000000000 2833801157212110.0000000000 0.0000420317
1356227105806314033661555605984247808.0000000000 2833801157212110.0000000000 0.0000452542
1356227105806314033661555605984247808.0000000000 2833801157212110.0000000000 0.0000487237
1356227105806314033661555605984247808.0000000000 2833801157212110.0000000000 0.0000524591
1356227105806314033661555605984247808.0000000000 2833801157212110.0000000000 0.0000564810
1356227105806314033661555605984247808.0000000000 2833801157212110.0000000000 0.0000608112
1356227105806314033661555605984247808.0000000000 2833801157212110.0000000000 0.0000654734
1356227105806314033661555605984247808.0000000000 2833801157212110.0000000000 0.0000704930
1356227105806314033661555605984247808.0000000000 2833801157212110.0000000000 0.0000758975
1356227105806314033661555605984247808.0000000000 2833801157212110.0000000000 0.0000817163
1356227105806314033661555605984247808.0000000000 2833801157212110.0000000000 0.0000879812
1356227105806314033661555605984247808.0000000000 2833801157212110.0000000000 0.0000947265
1356227105806314033661555605984247808.0000000000 2833801157212110.0000000000 0.0001019888
1356227105806314033661555605984247808.0000000000 2833801157212110.0000000000 0.0001098080
1356227105806314033661555605984247808.0000000000 2833801157212110.0000000000 0.0001182266
1356227105806314033661555605984247808.0000000000 2833801157212110.0000000000 0.0001272906
1356227105806314033661555605984247808.0000000000 2833801157212110.0000000000 0.0001370495
1356227105806314033661555605984247808.0000000000 2833801157212110.0000000000 0.0001475567
1356227105806314033661555605984247808.0000000000 2833801157212110.0000000000 0.0001588694
1356227105806314033661555605984247808.0000000000 2833801157212110.0000000000 0.0001710493
1356227105806314033661555605984247808.0000000000 2833801157212110.0000000000 0.0001841631
1356227105806314033661555605984247808.0000000000 2833801157212110.0000000000 0.0001982823
1356227105806314033661555605984247808.0000000000 2833801157212110.0000000000 0.0002134839
1356227105806314033661555605984247808.0000000000 2833801157212110.0000000000 0.0002298510
1356227105806314033661555605984247808.0000000000 2833801157212110.0000000000 0.0002474730
1356227105806314033661555605984247808.0000000000 2833801157212110.0000000000 0.0002664459
1356227105806314033661555605984247808.0000000000 2833801157212110.0000000000 0.0002868734
1356227105806314033661555605984247808.0000000000 2833801157212110.0000000000 0.0003088670
1356227105806314033661555605984247808.0000000000 2833801157212110.0000000000 0.0003325468
1356227105806314033661555605984247808.0000000000 2833801157212110.0000000000 0.0003580421
1356227105806314033661555605984247808.0000000000 2833801157212110.0000000000 0.0003854920
1356227105806314033661555605984247808.0000000000 2833801157212110.0000000000 0.0004150464
1356227105806314033661555605984247808.0000000000 2833801157212110.0000000000 0.0004468666
1356227105806314033661555605984247808.0000000000 2833801157212110.0000000000 0.0004811264
1356227105806314033661555605984247808.0000000000 2833801157212110.0000000000 0.0005180127
1356227105806314033661555605984247808.0000000000 2833801157212110.0000000000 0.0005577270
1356227105806314033661555605984247808.0000000000 2833801157212110.0000000000 0.0006004861
1356227105806314033661555605984247808.0000000000 2833801157212110.0000000000 0.0006465234
1356227105806314033661555605984247808.0000000000 2833801157212110.0000000000 0.0006960902
1356227105806314033661555605984247808.0000000000 2833801157212110.0000000000 0.0007494571
1356227105806314033661555605984247808.0000000000 2833801157212110.0000000000 0.0008069155
1356227105806314033661555605984247808.0000000000 2833801157212110.0000000000 0.0008687790
1356227105806314033661555605984247808.0000000000 2833801157212110.0000000000 0.0009353854
1356227105806314033661555605984247808.0000000000 2833801157212110.0000000000 0.0010070982
1356227105806314033661555605984247808.0000000000 2833801157212110.0000000000 0.0010843091
1356227105806314033661555605984247808.0000000000 2833801157212110.0000000000 0.0011674395
1356227105806314033661555605984247808.0000000000 2833801157212110.0000000000 0.0012569432
1356227105806314033661555605984247808.0000000000 2833801157212110.0000000000 0.0013533088
1356227105806314033661555605984247808.0000000000 2833801157212110.0000000000 0.0014570625
1356227105806314033661555605984247808.0000000000 2833801157212110.0000000000 0.0015687706
1356227105806314033661555605984247808.0000000000 2833801157212110.0000000000 0.0016890430
1356227105806314033661555605984247808.0000000000 2833801157212110.0000000000 0.0018185363
1356227105806314033661555605984247808.0000000000 2833801157212110.0000000000 0.0019579574
1356227105806314033661555605984247808.0000000000 2833801157212110.0000000000 0.0021080675
1356227105806314033661555605984247808.0000000000 2833801157212110.0000000000 0.0022696860
1356227105806314033661555605984247808.0000000000 2833801157212110.0000000000 0.0024436953
1356227105806314033661555605984247808.0000000000 2833801157212110.0000000000 0.0026310452
1356227105806314033661555605984247808.0000000000 2833801157212110.0000000000 0.0028327587
1356227105806314033661555605984247808.0000000000 2833801157212110.0000000000 0.0030499369
1356227105806314033661555605984247808.0000000000 2833801157212110.0000000000 0.0032837653
1356227105806314033661555605984247808.0000000000 2833801157212110.0000000000 0.0035355207
1356227105806314033661555605984247808.0000000000 2833801157212110.0000000000 0.0038065773
1356227105806314033661555605984247808.0000000000 2833801157212110.0000000000 0.0040984149
1356227105806314033661555605984247808.0000000000 2833801157212110.0000000000 0.0044126267
1356227105806314033661555605984247808.0000000000 2833801157212110.0000000000 0.0047509281
1356227105806314033661555605984247808.0000000000 2833801157212110.0000000000 0.0051151659
1356227105806314033661555605984247808.0000000000 2833801157212110.0000000000 0.0055073286
1356227105806314033661555605984247808.0000000000 2833801157212110.0000000000 0.0059295571
1356227105806314033661555605984247808.0000000000 2833801157212110.0000000000 0.0063841565
1356227105806314033661555605984247808.0000000000 2833801157212110.0000000000 0.0068736085
1356227105806314033661555605984247808.0000000000 2833801157212110.0000000000 0.0074005851
1356227105806314033661555605984247808.0000000000 2833801157212110.0000000000 0.0079679633
1356227105806314033661555605984247808.0000000000 2833801157212110.0000000000 0.0085788405
1356227105806314033661555605984247808.0000000000 2833801157212110.0000000000 0.0092365516
1356227105806314033661555605984247808.0000000000 2833801157212110.0000000000 0.0099446873
1356227105806314033661555605984247808.0000000000 2833801157212110.0000000000 0.0107071133
1356227105806314033661555605984247808.0000000000 2833801157212110.0000000000 0.0115279920
1356227105806314033661555605984247808.0000000000 2833801157212110.0000000000 0.0124118047
1356227105806314033661555605984247808.0000000000 2833801157212110.0000000000 0.0133633764
1356227105806314033661555605984247808.0000000000 2833801157212110.0000000000 0.0143879019
1356227105806313738513650426631421952.0000000000 2833801157212109.5000000000 0.0154909744
1356227105806313443365745247278596096.0000000000 2833801157212109.0000000000 0.0166786157
1356227105806313148217840067925770240.0000000000 2833801157212109.0000000000 0.0179573096
1356227105806312853069934888572944384.0000000000 2833801157212108.5000000000 0.0193340367
1356227105806312557922029709220118528.0000000000 2833801157212108.0000000000 0.0208163128
1356227105806312262774124529867292672.0000000000 2833801157212108.0000000000 0.0224122302
1356227105806311967626219350514466816.0000000000 2833801157212107.5000000000 0.0241305011
1356227105806311377330408991808815104.0000000000 2833801157212107.0000000000 0.0259805062
1356227105806310787034598633103163392.0000000000 2833801157212106.0000000000 0.0279723450
1356227105806310196738788274397511680.0000000000 2833801157212105.5000000000 0.0301168915
1356227105806309311295072736339034112.0000000000 2833801157212104.5000000000 0.0324258532
1356227105806308425851357198280556544.0000000000 2833801157212103.5000000000 0.0349118352
1356227105806307540407641660222078976.0000000000 2833801157212102.5000000000 0.0375884093
1356227105806306359816020942810775552.0000000000 2833801157212101.0000000000 0.0404701873
1356227105806304884076495046046646272.0000000000 2833801157212099.5000000000 0.0435729017
1356227105806303408336969149282516992.0000000000 2833801157212098.0000000000 0.0469134908
1356227105806301637449538073165561856.0000000000 2833801157212096.0000000000 0.0505101918
1356227105806299571414201817695780864.0000000000 2833801157212093.5000000000 0.0543826398
1356227105806297210230960382873174016.0000000000 2833801157212090.5000000000 0.0585519755
1356227105806294258751908589344915456.0000000000 2833801157212087.5000000000 0.0630409603
1356227105806291012124951616463831040.0000000000 2833801157212083.5000000000 0.0678741006
1356227105806287175202184284877094912.0000000000 2833801157212079.5000000000 0.0730777817
1356227105806282747983606594584707072.0000000000 2833801157212074.5000000000 0.0786804116
1356227105806277730469218545586667520.0000000000 2833801157212068.5000000000 0.0847125765
1356227105806271827511114958530150400.0000000000 2833801157212062.0000000000 0.0912072073
1356227105806265039109295833415155712.0000000000 2833801157212054.0000000000 0.0981997599
1356227105806257070115855990888857600.0000000000 2833801157212045.0000000000 0.1057284082
1356227105806247920530795430951256064.0000000000 2833801157212035.0000000000 0.1138342528
1356227105806237295206208974249525248.0000000000 2833801157212022.5000000000 0.1225615455
1356227105806224898994191441430839296.0000000000 2833801157212008.5000000000 0.1319579307
1356227105806210436746837653142372352.0000000000 2833801157211992.0000000000 0.1420747053
1356227105806193908464147609384124416.0000000000 2833801157211973.5000000000 0.1529670994
1356227105806174723850310951450443776.0000000000 2833801157211951.5000000000 0.1646945770
1356227105806152292609517320635678720.0000000000 2833801157211926.0000000000 0.1773211613
1356227105806126319593861537587003392.0000000000 2833801157211896.5000000000 0.1909157837
1356227105806096214507533243598766080.0000000000 2833801157211862.5000000000 0.2055526604
1356227105806061387054722079965315072.0000000000 2833801157211823.0000000000 0.2213116977
1356227105806020951791712508628172800.0000000000 2833801157211777.0000000000 0.2382789279
1356227105805974023274788991528861696.0000000000 2833801157211723.5000000000 0.2565469790
1356227105805919716060235990608904192.0000000000 2833801157211662.0000000000 0.2762155807
1356227105805856849556432788456996864.0000000000 2833801157211590.5000000000 0.2973921086
1356227105805783948023853488309010432.0000000000 2833801157211508.0000000000 0.3201921702
1356227105805699535722972193400815616.0000000000 2833801157211412.0000000000 0.3447402366
1356227105805601546618452648262631424.0000000000 2833801157211300.5000000000 0.3711703214
1356227105805487914674958597424676864.0000000000 2833801157211171.5000000000 0.3996267127
1356227105805356278709248606064345088.0000000000 2833801157211022.0000000000 0.4302647607
1356227105805203687242270880653377536.0000000000 2833801157210848.5000000000 0.4632517257
1356227105805026598499163268957863936.0000000000 2833801157210647.5000000000 0.4987676913
1356227105804821470705063618743894016.0000000000 2833801157210414.5000000000 0.5370065477
1356227105804583581493489060366254080.0000000000 2833801157210144.5000000000 0.5781770496
1356227105804307913350051544826904576.0000000000 2833801157209831.5000000000 0.6225039568
1356227105803988268168742305716502528.0000000000 2833801157209468.0000000000 0.6702292601
1356227105803617857547742217920053248.0000000000 2833801157209047.5000000000 0.7216135034
1356227105803188417345706259558432768.0000000000 2833801157208560.0000000000 0.7769372053
1356227105802690797977573870694039552.0000000000 2833801157207994.5000000000 0.8365023911
1356227105802113783822948235919491072.0000000000 2833801157207339.0000000000 0.9006342411
1356227105801444978669811822416101376.0000000000 2833801157206579.5000000000 0.9696828662
1356227105800669625122905662542577664.0000000000 2833801157205699.0000000000 1.0440252193
1356227105799770899751634533187846144.0000000000 2833801157204678.0000000000 1.1240671528
1356227105798729027646351417712574464.0000000000 2833801157203495.0000000000 1.2102456345
1356227105797521282418357505949171712.0000000000 2833801157202123.0000000000 1.3030311331
1356227105796121395904091835496136704.0000000000 2833801157200533.0000000000 1.4029301867
1356227105794498377573510574306754560.0000000000 2833801157198689.5000000000 1.5104881677
1356227105792617104825897379394748416.0000000000 2833801157196553.0000000000 1.6262922605
1356227105790436256954527141364498432.0000000000 2833801157194076.0000000000 1.7509746671
1356227105787908315146665984411041792.0000000000 2833801157191204.5000000000 1.8852160583
1356227105784977791596140190203117568.0000000000 2833801157187876.0000000000 2.0297492894
1356227105781580639207525839177515008.0000000000 2833801157184017.5000000000 2.1853634016
1356227105777642775856622913774944256.0000000000 2833801157179545.0000000000 2.3529079291
1356227105773078018355119042970255360.0000000000 2833801157174360.5000000000 2.5332975370
1356227105767786311563158426155483136.0000000000 2833801157168350.0000000000 2.7275170148
1356227105761652252649815936375717888.0000000000 2833801157161383.0000000000 2.9366266526
1356227105754541549318234968095195136.0000000000 2833801157153306.5000000000 3.1617680293
1356227105746298658622386002374688768.0000000000 2833801157143944.0000000000 3.4041702449
1356227105736743540340109633990426624.0000000000 2833801157133091.5000000000 3.6651566303
1356227105725667229754538881141702656.0000000000 2833801157120511.0000000000 3.9461519720
1356227105712827410435521495158489088.0000000000 2833801157105927.5000000000 4.2486902898
1356227105697943396725231911503396864.0000000000 2833801157089022.0000000000 4.5744232120
1356227105680689640484257304009506816.0000000000 2833801157069425.5000000000 4.9251289916
1356227105660688942689778459765374976.0000000000 2833801157046708.5000000000 5.3027222143
1356227105637503894146319577883082752.0000000000 2833801157020375.0000000000 5.7092642507
1356227105610627430752782530207809536.0000000000 2833801156989848.5000000000 6.1469745099
1356227105579471913029955225263276032.0000000000 2833801156954462.0000000000 6.6182425556
1356227105543356139612683716727406592.0000000000 2833801156913441.5000000000 7.1256411515
1356227105501490294706708056438210560.0000000000 2833801156865890.5000000000 7.6719403065
1356227105452958829510161891929882624.0000000000 2833801156810768.0000000000 8.2601223966
1356227105396700687303925449793470464.0000000000 2833801156746870.0000000000 8.8933984469
1356227105331485691619211187450806272.0000000000 2833801156672798.5000000000 9.5752256611
1356227105255887687778192472047353856.0000000000 2833801156586934.0000000000 10.3093262951
1356227105168253552363959748405493760.0000000000 2833801156487399.0000000000 11.0997079776
1356227105066667185176088657979768832.0000000000 2833801156372017.0000000000 11.9506855891
1356227104948907007932294212049960960.0000000000 2833801156238265.0000000000 12.8669048174
1356227104812398150307791736563302400.0000000000 2833801156083217.5000000000 13.8533675199
1356227104654155486389597257039085568.0000000000 2833801155903485.5000000000 14.9154590295
1356227104470718997285293220299800576.0000000000 2833801155695137.5000000000 16.0589775548
1356227104258077327815587042089238528.0000000000 2833801155453619.0000000000 17.2901658336
1356227104011580717882283197988864000.0000000000 2833801155173647.5000000000 18.6157452137
1356227103725839176440996346692894720.0000000000 2833801154849101.5000000000 20.0429523462
1356227103394604422339079588877959168.0000000000 2833801154472884.0000000000 21.5795786920
1356227103010633230835526426844725248.0000000000 2833801154036768.5000000000 23.2340130574
1356227102565529824619604990108893184.0000000000 2833801153531219.0000000000 25.0152873906
1356227102049560816074310581179383808.0000000000 2833801152945180.5000000000 26.9331260891
1356227101451443881376257258935025664.0000000000 2833801152265837.5000000000 28.9979990875
1356227100758100131403232361603661824.0000000000 2833801151478336.0000000000 31.2211790153
1356227099954368408561982893226721280.0000000000 2833801150565455.5000000000 33.6148027370
1356227099022673540542793931082956800.0000000000 2833801149507234.0000000000 36.1919376099
1356227097942642352894850287662006272.0000000000 2833801148280532.0000000000 38.9666528223
1356227096690658290837320867250176000.0000000000 2833801146858525.5000000000 41.9540961999
1356227095239344615277389619132366848.0000000000 2833801145210120.0000000000 45.1705769017
1356227093556965547710646630708412416.0000000000 2833801143299269.5000000000 48.6336544556
1356227091606732967791821827705143296.0000000000 2833801141084190.5000000000 52.3622346199
1356227089346001840145266058373103616.0000000000 2833801138516446.5000000000 56.3766725941
1356227086725337251836679159204020224.0000000000 2833801135539889.5000000000 60.6988841431
1356227083687433580744343164882518016.0000000000 2833801132089431.0000000000 65.3524652400
1356227080165861887849541134893187072.0000000000 2833801128089621.0000000000 70.3628208825
1356227076083616904099359199558893568.0000000000 2833801123452997.0000000000 75.7573037845
1356227071351433211607638352169271296.0000000000 2833801118078171.0000000000 81.5653637011
1356227065865833430558023388743335936.0000000000 2833801111847613.5000000000 87.8187082012
1356227059506865320214952809913647104.0000000000 2833801104625081.5000000000 94.5514757672
1356227052135478799490329912362926080.0000000000 2833801096252642.5000000000 101.8004221644
1356227043590485628372270275364913152.0000000000 2833801086547218.5000000000 109.6051210992
1356227033685034751641449929337995264.0000000000 2833801075296583.0000000000 118.0081802615
1356227022202526271271802395324055552.0000000000 2833801062254721.5000000000 127.0554739293
1356227008891874912848200430839136256.0000000000 2833801047136450.5000000000 136.7963934071
1356226993462020274530120067312517120.0000000000 2833801029611183.5000000000 147.2841166645
1356226975575561962476447866397130752.0000000000 2833801009295700.0000000000 158.5758986460
1356226954841381188363902278675988480.0000000000 2833800985745766.5000000000 170.7333838394
1356226930806088858834461895533002752.0000000000 2833800958446422.0000000000 183.8229428059
1356226902944111852508296167085309952.0000000000 2833800926800719.5000000000 197.9160345122
1356226870646199665408176223791611904.0000000000 2833800890116671.5000000000 213.0895964397
1356226833206102615111299607304339456.0000000000 2833800847592116.5000000000 229.4264646036
1356226789805128226610780633856737280.0000000000 2833800798297183.0000000000 247.0158257708
1356226739494239331274901927963394048.0000000000 2833800741153951.0000000000 265.9537043500
1356226681173301627338143766528655360.0000000000 2833800674912886.0000000000 286.3434866071
1356226613567027649889540926775230464.0000000000 2833800598125513.0000000000 308.2964850715
1356226535197090311347621893198839808.0000000000 2833800509112744.5000000000 331.9325462118
1356226444349797417441450598021988352.0000000000 2833800405928165.0000000000 357.3807046993
1356226339038618508577435069011984384.0000000000 2833800286315468.0000000000 384.7798878301
1356226216960746171746650997982756864.0000000000 2833800147659119.0000000000 414.2796739517
1356226075446742332161718251939692544.0000000000 2833799986927164.0000000000 446.0411090330
1356225911402166556901575085357268992.0000000000 2833799800604930.0000000000 480.2375858361
1356225721239911626761680428734611456.0000000000 2833799584618171.5000000000 517.0557904875
1356225500801766504713074978360131584.0000000000 2833799334243982.0000000000 556.6967216162
1356225245267491596493303868014198784.0000000000 2833799044007521.5000000000 599.3767876204
1356224949049417891892007622622052352.0000000000 2833798707562302.0000000000 645.3289880524
1356224605670266062183351365698322432.0000000000 2833798317551413.5000000000 694.8041855676
1356224207621513244571798420097859584.0000000000 2833797865446657.0000000000 748.0724753812
1356223746199212002421707249635295232.0000000000 2833797341362068.0000000000 805.4246597033
1356223211313669806412624197035491328.0000000000 2833796733837748.5000000000 867.1738352003
1356222591268831878375820833662697472.0000000000 2833796029589290.5000000000 933.6571021413
1356221872506537892639626170738933760.0000000000 2833795213217302.5000000000 1005.2374045575
1356221039310068926813370735292055552.0000000000 2833794266870695.5000000000 1082.3055114498
1356220073460496720758289977015533568.0000000000 2833793169856366.5000000000 1165.2821498533
1356218953838328156777150166914301952.0000000000 2833791898186743.0000000000 1254.6203013909
1356217655961734260897038547787186176.0000000000 2833790424055303.0000000000 1350.8076748395
1356216151451270847479804587312939008.0000000000 2833788715228604.0000000000 1454.3693681887
1356214407409391144198842787722952704.0000000000 2833786734341531.0000000000 1565.8707347018
1356212385701189531730846507123867648.0000000000 2833784438080363.5000000000 1685.9204685984
1356210042120657115880585640317812736.0000000000 2833781776235808.0000000000 1815.1739271679
1356207325424232308283133323355619328.0000000000 2833778690605301.0000000000 1954.3367074062
1356204176210527107328433070368882688.0000000000 2833775113720599.0000000000 2104.1684966469
1356200525621757776193975841183498240.0000000000 2833770967372861.0000000000 2265.4872181398
1356196293838513252818799439621652480.0000000000 2833766160903003.0000000000 2439.1734941224
1356191388334988603583649462806904832.0000000000 2833760589219987.0000000000 2626.1754506431
1356185701856584648505130221299564544.0000000000 2833754130503775.0000000000 2827.5138902338
1356179110075725239139212855017996288.0000000000 2833746643542799.0000000000 3044.2878605035
1356171468874731841606121984817627136.0000000000 2833737964647843.5000000000 3277.6806488469
1356162611196472311650181270479044608.0000000000 2833727904075005.5000000000 3528.9662357342
1356152343394099107276615140941758464.0000000000 2833716241879717.5000000000 3799.5162414900
1356140441000295618995987435642421248.0000000000 2833702723111447.0000000000 4090.8074040820
1356126643823841169493506101801385984.0000000000 2833687052244363.0000000000 4404.4296282374
1356110650266708104593967839793119232.0000000000 2833668886722681.0000000000 4742.0946492028
1356092110738005704082072742691602432.0000000000 2833647829480204.0000000000 5105.6453576598
1356070620021539175769431155836715008.0000000000 2833623420271378.0000000000 5497.0658357233
1356045708431138354000553327456157696.0000000000 2833595125625490.5000000000 5918.4921575922
1356016831561769178680471962238582784.0000000000 2833562327205960.0000000000 6372.2240122890
1355983358414214343641419908152033280.0000000000 2833524308322317.5000000000 6860.7372100373
1355944557636202065272517968734978048.0000000000 2833480238302847.0000000000 7386.6971381786
1355899581582550916594937003484643328.0000000000 2833429154390058.0000000000 7952.9732371217
1355847447850381296073396218142654464.0000000000 2833369940768334.5000000000 8562.6545716553
1355787017891817792119107393689747456.0000000000 2833301304272188.0000000000 9219.0665780135
1355716972244821622360649799707918336.0000000000 2833221746253377.5000000000 9925.7890723603
1355635781851691196401554442019667968.0000000000 2833129530004390.0000000000 10686.6756118147
1355541674853051840572179236324900864.0000000000 2833022643042972.5000000000 11505.8743047413
1355432598151354472290501398617915392.0000000000 2832898753455859.5000000000 12387.8501727163
1355306172930429919489780060629499904.0000000000 2832755159377772.5000000000 13337.4091722753
1355159643194741270487876732207497216.0000000000 2832588730542175.5000000000 14359.7239901456
1354989816251764561282233417156526080.0000000000 2832395840681016.5000000000 15460.3617310250
1354792993901410994681749264031285248.0000000000 2832172289369504.0000000000 16645.3136219097
1354564892915553777675579265451556864.0000000000 2831913211706555.0000000000 17921.0268612532
1354300553186484149977533695601410048.0000000000 2831612973989587.0000000000 19294.4387445528
1353994231693646336738956767647498240.0000000000 2831265053281672.5000000000 20773.0131999217
1353639280181678779578333313785397248.0000000000 2830861898477956.0000000000 22364.7798672936
1353228004158634764068639998824415232.0000000000 2830394770155486.5000000000 24078.3758525117
1352751500511166462034715079513997312.0000000000 2829853556136140.0000000000 25923.0902818369
1352199470694762084755501000679227392.0000000000 2829226559307631.0000000000 27908.9117723737
1351560006938735798625664527646064640.0000000000 2828484246544081.0000000000 30046.5789182529
1350819343990187707306792988077719552.0000000000 2827616052226909.0000000000 32347.6338695185
1349961577631972045449823501137477632.0000000000 2826610590999066.5000000000 34824.4920804423
1348968344488854508045541971402424320.0000000000 2825446337579650.5000000000 37490.4851278500
1347818453203918655064667186675056640.0000000000 2824098451768832.0000000000 40359.9230743481
1346487466646490175641952879453929472.0000000000 2822538288718071.5000000000 43448.1662808212
1344947228516079155253166847515688960.0000000000 2820732844022159.0000000000 46771.6942994804
1343165329107071146056915807490801664.0000000000 2818644127496368.0000000000 50348.1771833603
1341104505335383571056247279255027712.0000000000 2816228459896443.0000000000 54196.5486923485
1338721970880520009910394666405068800.0000000000 2813435687720874.5000000000 58337.0806644117
1335968673633549006813700016773791744.0000000000 2810208312802239.5000000000 62791.4575521639
1332788479783580588022488537292079104.0000000000 2806480535905257.0000000000 67582.8497856625
1329117287103866071018271634217762816.0000000000 2802177217333671.0000000000 72735.9841958468
1324882074666710000109019464753741824.0000000000 2797212763019918.5000000000 78277.2091995939
1319999903153873514034415832395677696.0000000000 2791489952703547.0000000000 84234.5517836457
1314376887638968530948824918814359552.0000000000 2784898735841705.0000000000 90637.7619513710
1307907177535419571209253244677128192.0000000000 2777315035919002.0000000000 97518.3411177308
1300471994929800565054636459550572544.0000000000 2768599623195859.0000000000 104909.5480529451
1291938800100561820387968220835872768.0000000000 2758597136541718.0000000000 112846.3734634804
1282160678726264298028351047086374912.0000000000 2747135365129462.0000000000 121365.4753467730
1270976074232633690428237644415631360.0000000000 2734024934696531.0000000000 130505.0633291470
1258209022329564730618169369152192512.0000000000 2719059582465781.0000000000 140304.7182122581
1243670081283042496150499902932123648.0000000000 2702017247596679.0000000000 150805.1302784649
1227158174094592964206481422677966848.0000000000 2682662230561211.5000000000 162047.7370430958
1208463531649239452960613027438133248.0000000000 2660748643059042.0000000000 174074.2499781814
1187373489655600308047809056901955584.0000000000 2635453523153229.0000000000 186926.0893340142
1163676571197195890632445677270990848.0000000000 2606678693596595.0000000000 200643.3576223365
1137170288394787889027395006614208512.0000000000 2574492493050814.0000000000 215266.9398604875
1107675027184221341757960177129095168.0000000000 2538676818723697.5000000000 230833.6225147054
1075044090904594172969714700513181696.0000000000 2499053538955578.5000000000 247373.9652676381
1039180155771755663518682870364241920.0000000000 2454641272236893.5000000000 264912.2710448395
1000047384519578623937850277843959808.0000000000 2405574797513010.0000000000 283464.6060119404
957682280891796374538771880084504576.0000000000 2352455475272021.5000000000 303042.4742213676
912217221026821199186383571985104896.0000000000 2294343676431529.5000000000 323643.0510575754
863897439766904914912383409026236416.0000000000 2230913863239164.5000000000 345246.5975084628
813042664180469859364153221785321472.0000000000 2164156340103125.2500000000 367824.9587165514
760128240110610043135033573059330048.0000000000 2091828795771820.2500000000 391337.3462261579
705659239163838559887731703347675136.0000000000 2017281805424961.5000000000 415706.5734502521
650294890392438346177820297277734912.0000000000 1937832642165111.2500000000 440867.9778440095
594671233502683814359454807421353984.0000000000 1857129615727849.5000000000 466703.3321992480
539522582456842997331729341694869504.0000000000 1773035540099937.5000000000 493115.2350330777
485499770956979514786273356781977600.0000000000 1688213125967132.5000000000 519959.1282140058
433282627464730372434149722793443328.0000000000 1603640574544103.2500000000 547103.0240847130
383477863114124694000695498405576704.0000000000 1517190777685354.7500000000 574389.2062056707
336517104880564741629326658960883712.0000000000 1432257159619052.7500000000 601637.9467074452
292848791547424988196759398504202240.0000000000 1349659729748617.7500000000 628714.6655071022
252765237864138604819186996412940288.0000000000 1266014125096785.0000000000 655431.6866943614
216346530090316403054599837350625280.0000000000 1186169274340436.5000000000 681610.2561855406
183688320315294540852057276571189248.0000000000 1110664926532550.1250000000 707138.1730421941
154788797163304790577873230822899712.0000000000 1035663783114291.0000000000 731838.7817629419
129434610341142466153764936084357120.0000000000 964390206768793.0000000000 755537.4401026871
107458440398653592362410510758445056.0000000000 898572136341650.0000000000 778167.2772028374
88635796399380749291026901230419968.0000000000 833777076903117.1250000000 799608.8449548673
72611426572145817873916439658758144.0000000000 773463328500879.8750000000 819746.0819368430
59149075393504784114205137592909824.0000000000 717933259109437.6250000000 838565.8982966100
47924540478590327985318536731951104.0000000000 663394330685841.1250000000 856007.6412521007
38621902351060794737789105078272000.0000000000 616031812184777.8750000000 872038.0042614497
31007759732826706752875684018782208.0000000000 567294203792936.8750000000 886717.9814972794
24772690061487073955848584146452480.0000000000 526436106870583.3750000000 899988.1427421335
19734463549851764126320631874584576.0000000000 483893331961016.7500000000 912004.3359844056
15663460875867605523358070958194688.0000000000 447581117822406.8125000000 922717.2162481811
12387284980491187594353578694672384.0000000000 412960901025372.3125000000 932302.2574362967
9789338892207421312776793543933952.0000000000 378855842110486.3750000000 940770.6866013801
7709425578501659695980550320816128.0000000000 351551362459543.5000000000 948222.9481336445
6059610349878372183132462748008448.0000000000 322088057679691.8750000000 954789.0797920692
4766636897385634481108332123783168.0000000000 293893691902247.1250000000 960481.6512336251
3738569318338768066129928189378560.0000000000 271475819894358.9375000000 965451.6660436294
2924923629237705939471151375843328.0000000000 252503722150513.5000000000 969804.2834071635
2299455047430383102637550625357824.0000000000 225619408516214.3125000000 973551.8446917816
1803249577803117306293792693813248.0000000000 204291169399923.0937500000 976742.5786353085
1410718910636377224254329651724288.0000000000 187419150765992.4062500000 979578.0363976529
1101040602962722619402166992896000.0000000000 174108348287024.3750000000 982056.2829496486
859730112978772035331319952048128.0000000000 157510551567186.7500000000 984187.5602241644
674061758835377605008673464123392.0000000000 140757905176607.5625000000 985989.8792786887
527528695751716409719914445668352.0000000000 127015842154863.5937500000 987553.9469524699
415174710017180056801159638155264.0000000000 109827519652373.2187500000 988931.4861732863
326983143815425205085195535908864.0000000000 93768999391182.5781250000 990130.8186619250
257700071658546107340520568127488.0000000000 80167313771303.8906250000 991225.1607659161
202843521997405780282896541548544.0000000000 68578434618478.0312500000 992237.5756799054
160189188967204305440521263775744.0000000000 57587687214848.2578125000 993173.3858142042
126339177626889817405558393667584.0000000000 48724420302377.7578125000 994036.7461092216
99819365549803271568256671940608.0000000000 40706951740648.5937500000 994850.5723357291
78790914541719776519681015283712.0000000000 34035843135123.8164062500 995610.9984797898
62232117060022919318882368880640.0000000000 28472825298762.2070312500 996331.7716765882
49137374705604095653798003867648.0000000000 23767576257023.1132812500 997013.7417907494
38796683096958994263474333286400.0000000000 19920097982791.3593750000 997659.0430548576
30623596329292080564391120994304.0000000000 16646207701102.9882812500 998270.7343673902
24175170390999262968096296534016.0000000000 13959004116115.4121093750 998848.1757620224
19066242287968200101365446344704.0000000000 11712948549983.8867187500 999394.7063887692
15057718841134381466948116414464.0000000000 9785235631609.1835937500 999910.1986995843
11876551826120225055088314417152.0000000000 8255401309399.0898437500 1000395.6046380623
9369367175475152621786395312128.0000000000 6920596095019.8115234375 1000855.2761931011
7393051840291442459178218553344.0000000000 5800028176117.3837890625 1001285.7500153468
5839458801256612777524318961664.0000000000 4837168932952.7148437500 1001691.4857917379
4610359848206936381448104443904.0000000000 4016472005300.5205078125 1002074.0619217060
3644047001396504035630459650048.0000000000 3330972506150.9150390625 1002436.9031799210
2883390794650120687037007790080.0000000000 2722710231692.6718750000 1002782.3673204575
2283727414561007886053744312320.0000000000 2221576447860.3388671875 1003112.0351820701
1812914161337801320280537169920.0000000000 1766477589329.7221679688 1003431.5516181415
1442385892910818115254671638528.0000000000 1390060729839.7185058594 1003742.0652633794
1150584827829683261072484597760.0000000000 1059967561867.6567382812 1004052.4111835008
924004342689510473111764467712.0000000000 765629591703.7132568359 1004366.5355222917
748605012228214100396479610880.0000000000 513453070989.9161987305 1004695.4959362204
610223339362117362762081370112.0000000000 343071845028.9967651367 1005061.6191973427
483057513098303432104666464256.0000000000 281091446222.8200073242 1005504.3961817940
382336171122999949136280682496.0000000000 230657365108.2781982422 1006045.2567358195
302520109859898656575157436416.0000000000 189596655771.6600341797 1006568.8884963354
239301108934715000104190738432.0000000000 156064032114.6926574707 1007074.9612444002
189236449916824621737396142080.0000000000 128624136084.6386566162 1007563.0412324931
149642034055608579405429866496.0000000000 106196644941.5058898926 1008032.9491732910
118333485457875303881181757440.0000000000 87757785444.7763366699 1008484.6253619237
93560711559845690707296649216.0000000000 72484358695.5604553223 1008917.9687903399
73943709128039187112056061952.0000000000 60017225833.4746398926 1009333.3297601637
58454935422296062136823054336.0000000000 49705571697.0902709961 1009731.5623064445
46148137743995261837675331584.0000000000 41647459413.4738006592 1010112.2507557635
36435037452663186768082763776.0000000000 34830831022.7432022095 1010476.1556548250
28802976081914124808405123072.0000000000 28604658486.1896209717 1010819.5109113833
22797474396389104729798475776.0000000000 23583493244.6088218689 1011144.0776739628
17990216413960925020768174080.0000000000 19745074187.1407356262 1011456.8864288814
14197566270624956747014471680.0000000000 16562434123.4847087860 1011757.5413196034
11208906126156972451623337984.0000000000 13851235796.1423988342 1012041.2461002277
8859513127099271719545733120.0000000000 11393347887.4966735840 1012308.4546966805
7010060392510722690993094656.0000000000 9404832135.3087215424 1012560.9643780089
5531647007648574332496510976.0000000000 7888113066.0763216019 1012803.8340456588
4365947611260047139075522560.0000000000 6610327189.2658205032 1013036.8479947053
3449372356088667528031633408.0000000000 5495924500.9253978729 1013256.2694427253
2722019015921879063759683584.0000000000 4611207576.6946086884 1013463.1009834356
2146450376958333034164125696.0000000000 3852642122.7393522263 1013659.7991350990
1697323963816577947798601728.0000000000 3181024119.3234987259 1013844.9404547582
1340772843664846496452313088.0000000000 2647842047.5836863518 1014019.8021809685
1058877221970920553668673536.0000000000 2203494388.1069869995 1014187.3794985473
835743362742043183478210560.0000000000 1845947129.0354583263 1014346.5108452778
658964425335622750238146560.0000000000 1550562717.6417016983 1014497.6188443110
521658346347134361769345024.0000000000 1269012354.2819306850 1014640.0670565016
412615138005266312095334400.0000000000 1045441411.5248721838 1014773.8534254034
325699943625037133652164608.0000000000 875008616.7265501022 1014903.3252216394
257059149678115063200743424.0000000000 729974024.7241032124 1015027.6937102877
202890227273054373621530624.0000000000 611421468.8318847418 1015145.0415764175
159937431142124137203367936.0000000000 516313124.7733952999 1015256.1094085084
126318563881718556739502080.0000000000 430218197.2288714647 1015360.8141009037
99643304963448686436679680.0000000000 361905232.7851029634 1015458.5955795414
78560053981146092769640448.0000000000 301413854.0600355864 1015551.3123540898
62163898202574946077507584.0000000000 247713916.1232150793 1015638.2857722718
49117062162759687910457344.0000000000 205741039.8654596806 1015720.6454221893
38763110264319544383242240.0000000000 172431420.5458217263 1015799.9679936325
30550715364613407358582784.0000000000 146011387.8380244672 1015875.4511217589
24056082899532167686127616.0000000000 123358242.5876920968 1015946.5503623795
19003127498688160537247744.0000000000 102621520.7361683100 1016012.7439112649
14993506120628811375575040.0000000000 86166516.3573740572 1016074.4527968721
11813637230931415276716032.0000000000 73116716.4959000200 1016133.0637032385
9299428632541587539230720.0000000000 61901564.4789815694 1016188.1512096488
7344614439170271424282624.0000000000 51573414.9748999402 1016239.3131679483
5793576561926007924195328.0000000000 43378594.6502915770 1016286.8926777525
4563666830261854163435520.0000000000 36880436.6011907831 1016332.0040733365
3591051061669541602918400.0000000000 31358240.6112165749 1016374.3185429414
2835562323102243208822784.0000000000 26169375.0881959721 1016413.5293780734
2236186093592095731220480.0000000000 22052725.1715854108 1016449.8224368836
1760971965447839921733632.0000000000 18788848.3198189847 1016484.1670767467
1384934396003630675132416.0000000000 16095273.6858453173 1016516.3122363579
1093403283235922637750272.0000000000 13447410.5265416484 1016546.0272479400
862130924397132607651840.0000000000 11346854.0784810521 1016573.3110184413
678785581502905037357056.0000000000 9681599.9851165842 1016599.0955939990
533565854292957017931776.0000000000 8362625.9585270556 1016623.1923570475
421256244684884170244096.0000000000 6969427.2788407085 1016645.4298968139
332646643969064337145856.0000000000 5798267.3819836807 1016665.6686731057
262572607547370230513664.0000000000 4851533.8495413745 1016684.8430495581
206988135630933491449856.0000000000 4100561.2192549221 1016703.0437539815
162928293658204460548096.0000000000 3505291.8162099775 1016720.2150672057
128036363971249936793600.0000000000 3033885.2648951705 1016736.2314253310
100437960847037082632192.0000000000 2661017.7234520493 1016750.9803644220
79190905550287327461376.0000000000 2232452.4533864921 1016764.3724319217
62466822207061905899520.0000000000 1877596.9536472193 1016776.3504935746
49205494942360406065152.0000000000 1596215.0197531898 1016787.6081822623
38698609406975739428864.0000000000 1373277.4726933942 1016798.1671569988
30382996523375386427392.0000000000 1196834.8596730719 1016807.9511135707
23810557882633199550464.0000000000 1057379.3241736612 1016816.8954032564
18624394459364301209600.0000000000 947338.0994604930 1016824.9532763031
14539910544009619046400.0000000000 860672.5674122251 1016832.1011474583
11329909038065192534016.0000000000 792562.0070198583 1016838.3417655858
8812873968645662834688.0000000000 739154.9700487138 1016843.7044873121
6843771475122008883200.0000000000 697374.0942280829 1016848.2424848177
5306812332174272888832.0000000000 664762.5367778807 1016852.0274451963
4109721914725651972096.0000000000 639362.3931886120 1016855.1428599416
3179161684189489659904.0000000000 619617.5492490388 1016857.6771662373
2457035603775692210176.0000000000 604295.3097049622 1016859.7177853421
1897488775861215690752.0000000000 592422.7146471560 1016861.3466661430
1464460444278067298304.0000000000 583234.6185433748 1016862.6374860996
1129690416311767400448.0000000000 576131.3900354977 1016863.6543278792
871101188356660264960.0000000000 570644.5835044615 1016864.4514817051
671492563330298019840.0000000000 566409.2411581983 1016865.0739929408
517495312626452398080.0000000000 563141.6915869912 1016865.5586263752
398737956365435338752.0000000000 560621.8703125541 1016865.9350026682
307187249770550853632.0000000000 558679.3260741956 1016866.2267459317
236628918030610530304.0000000000 557182.2029400604 1016866.4525491846
182260643216425091072.0000000000 556028.6042086259 1016866.6271127748
140374216171541102592.0000000000 555139.8482334097 1016866.7619419860
108108064749500301312.0000000000 554455.2175094085 1016866.8660081229
83255039471078342656.0000000000 553927.8802243560 1016866.9462865414
64113403354405126144.0000000000 553521.7285261967 1016867.0081886777
49371488699204526080.0000000000 553208.9311438394 1016867.0559054923
38018519496488509440.0000000000 552968.0411962545 1016867.0926784350
29275727250089213952.0000000000 552782.5345919138 1016867.1210120076
22543180309410115584.0000000000 552639.6818411758 1016867.1428397852
17358765038502731776.0000000000 552529.6777091670 1016867.1596536586
13366555218593576960.0000000000 552444.9700703904 1016867.1726041887
10292429066380914688.0000000000 552379.7425449339 1016867.1825783793
7925278038444126208.0000000000 552329.5157825018 1016867.1902598600
6102527927617632256.0000000000 552290.8402456605 1016867.1961754031
4698984357470922752.0000000000 552261.0595309411 1016867.2007308474
3618240400082802176.0000000000 552238.1280536684 1016867.2042388220
2786058416363687424.0000000000 552220.4706223075 1016867.2069401299
2145272871438117632.0000000000 552206.8742852106 1016867.2090202363
1651864789643699456.0000000000 552196.4050374889 1016867.2106219771
1271938662061482752.0000000000 552188.3436763308 1016867.2118553524
979394414546216192.0000000000 552182.1364042779 1016867.2128050721
754134674393202304.0000000000 552177.3567905901 1016867.2135363686
580684277481352064.0000000000 552173.6764796269 1016867.2140994741
447127236477725888.0000000000 552170.8426351910 1016867.2145330698
344288175345533440.0000000000 552168.6605720141 1016867.2148669409
265102015528196960.0000000000 552166.9803816122 1016867.2151240231
204128623408656320.0000000000 552165.6866339617 1016867.2153219774
157179082388659872.0000000000 552164.6904476536 1016867.2154744028
121027918556942784.0000000000 552163.9233838306 1016867.2155917706
93191512181143728.0000000000 552163.3327444697 1016867.2156821440
71757473209137008.0000000000 552162.8779520332 1016867.2157517317
55253259606144672.0000000000 552162.5277617809 1016867.2158053142
42545013000630336.0000000000 552162.2581152414 1016867.2158465729
32759661850788272.0000000000 552162.0504873792 1016867.2158783420
25224940716223132.0000000000 552161.8906139093 1016867.2159028043
19423204998414844.0000000000 552161.7675113282 1016867.2159216403
14955868232340210.0000000000 552161.6727223351 1016867.2159361440
11516018766315202.0000000000 552161.5997348072 1016867.2159473118
8867334584896040.0000000000 552161.5435344086 1016867.2159559111
6827847710312646.0000000000 552161.5002601005 1016867.2159625326
5257442784338767.0000000000 552161.4669388826 1016867.2159676311
4048230972043144.0000000000 552161.4412815445 1016867.2159715570
3117137865135072.0000000000 552161.4215253938 1016867.2159745798
2400196166032817.5000000000 552161.4063131576 1016867.2159769074
1848151053702417.2500000000 552161.3945997357 1016867.2159786997
1423076314823564.2500000000 552161.3855804009 1016867.2159800798
1095768764473110.1250000000 552161.3786355130 1016867.2159811425
843741949865055.5000000000 552161.3732879492 1016867.2159819608
649681302119881.7500000000 552161.3691703252 1016867.2159825908
500254603061443.5000000000 552161.3659997548 1016867.2159830759
385196044611745.3750000000 552161.3635584153 1016867.2159834495
296600954501897.8125000000 552161.3616785840 1016867.2159837371
228382735055902.5312500000 552161.3602311140 1016867.2159839586
175854706046074.6562500000 552161.3591165619 1016867.2159841291
135408123686918.8125000000 552161.3582583570 1016867.2159842604
104264255257569.0468750000 552161.3575975392 1016867.2159843616
80283476559380.7500000000 552161.3570887094 1016867.2159844395
61818276957276.2500000000 552161.3566969105 1016867.2159844994
47600073260988.0312500000 552161.3563952253 1016867.2159845456
36652056413264.3906250000 552161.3561629277 1016867.2159845812
28222083439579.3867187500 552161.3559840586 1016867.2159846085
21731004249285.9140625000 552161.3558463294 1016867.2159846296
16732873272430.2773437500 552161.3557402778 1016867.2159846458
12884312420055.9765625000 552161.3556586182 1016867.2159846582
9920920563611.8789062500 552161.3555957403 1016867.2159846679
7639108834081.2148437500 552161.3555473243 1016867.2159846753
5882113802301.8662109375 552161.3555100439 1016867.2159846810
4529227627807.6132812500 552161.3554813380 1016867.2159846855
3487505273432.7187500000 552161.3554592346 1016867.2159846888
2685379060555.5590820312 552161.3554422148 1016867.2159846914
2067741876635.1123046875 552161.3554291097 1016867.2159846934
1592161245013.3835449219 552161.3554190188 1016867.2159846949
1225964158662.8825683594 552161.3554112487 1016867.2159846961
943992402171.9477539062 552161.3554052657 1016867.2159846970
726874149673.3057861328 552161.3554006588 1016867.2159846977
559693095248.9826660156 552161.3553971115 1016867.2159846983
430963683342.0350952148 552161.3553943802 1016867.2159846987
331842036173.5558471680 552161.3553922770 1016867.2159846991
255518367853.7499389648 552161.3553906574 1016867.2159846993
196749143247.4538269043 552161.3553894106 1016867.2159846995
151496840300.5787963867 552161.3553884504 1016867.2159846997
116652567031.4689941406 552161.3553877110 1016867.2159846998
89822476614.2449493408 552161.3553871417 1016867.2159846999
69163306992.9768066406 552161.3553867034 1016867.2159847000
53255746384.5970001221 552161.3553863659 1016867.2159847000
41006924716.1425704956 552161.3553861059 1016867.2159847000
31575332031.4314880371 552161.3553859058 1016867.2159847000
24313005664.2032585144 552161.3553857517 1016867.2159847000
18721014361.4371109009 552161.3553856331 1016867.2159847000
14415181058.3069305420 552161.3553855417 1016867.2159847000
11099689414.8965473175 552161.3553854714 1016867.2159847000
8546760849.4704666138 552161.3553854172 1016867.2159847000
6581005854.0923337936 552161.3553853754 1016867.2159847000
5067374507.6511411667 552161.3553853433 1016867.2159847000
3901878370.8914051056 552161.3553853186 1016867.2159847000
3004446345.5863971710 552161.3553852995 1016867.2159847000
2313423686.1015348434 552161.3553852850 1016867.2159847000
1781336238.2981872559 552161.3553852737 1016867.2159847000
1371628903.4896075726 552161.3553852650 1016867.2159847000
1056154255.6869997978 552161.3553852583 1016867.2159847000
813238776.8789910078 552161.3553852532 1016867.2159847000
626193858.1968237162 552161.3553852491 1016867.2159847000
482169270.8115546703 552161.3553852461 1016867.2159847000
371270338.5248973370 552161.3553852438 1016867.2159847000
285878160.6641710997 552161.3553852419 1016867.2159847000
220126183.7114118338 552161.3553852405 1016867.2159847000
169497161.4577871561 552161.3553852395 1016867.2159847000
130512814.3224961460 552161.3553852385 1016867.2159847000
100494867.0283220410 552161.3553852381 1016867.2159847000
77381047.6118079871 552161.3553852375 1016867.2159847000
59583406.6610921472 552161.3553852371 1016867.2159847000
45879223.1290409565 552161.3553852369 1016867.2159847000
35327001.8093615398 552161.3553852366 1016867.2159847000
27201791.3932083882 552161.3553852364 1016867.2159847000
20945379.3727704585 552161.3553852363 1016867.2159847000
16127942.1170332544 552161.3553852362 1016867.2159847000
12418515.4301156066 552161.3553852362 1016867.2159847000
9562256.8811890166 552161.3553852360 1016867.2159847000
7362937.7985155433 552161.3553852360 1016867.2159847000
5669462.1048569679 552161.3553852360 1016867.2159847000
4365485.8207398653 552161.3553852360 1016867.2159847000
3361424.0819696961 552161.3553852360 1016867.2159847000
2588296.5431166659 552161.3553852360 1016867.2159847000
1992988.3381998329 552161.3553852359 1016867.2159847000
1534601.0204138714 552161.3553852359 1016867.2159847000
1181642.7857186811 552161.3553852359 1016867.2159847000
909864.9450033845 552161.3553852359 1016867.2159847000
700596.0076526061 552161.3553852359 1016867.2159847000
539458.9258925067 552161.3553852359 1016867.2159847000
415383.3729372302 552161.3553852359 1016867.2159847000
319845.1971616672 552161.3553852359 1016867.2159847000
246280.8018144838 552161.3553852359 1016867.2159847000
189636.2173971525 552161.3553852359 1016867.2159847000
146019.8873958074 552161.3553852359 1016867.2159847000
112435.3132947717 552161.3553852359 1016867.2159847000
86575.1912369742 552161.3553852359 1016867.2159847000
66662.8972524701 552161.3553852359 1016867.2159847000
51330.4308844020 552161.3553852359 1016867.2159847000
39524.4317809895 552161.3553852359 1016867.2159847000
30433.8124713619 552161.3553852359 1016867.2159847000
23434.0356029487 552161.3553852359 1016867.2159847000
18044.2074142705 552161.3553852359 1016867.2159847000
13894.0397089883 552161.3553852359 1016867.2159847000
10698.4105759210 552161.3553852359 1016867.2159847000
8237.7761434592 552161.3553852359 1016867.2159847000
6343.0876304635 552161.3553852359 1016867.2159847000
4884.1774754569 552161.3553852359 1016867.2159847000
3760.8166561018 552161.3553852359 1016867.2159847000
2895.8288251984 552161.3553852359 1016867.2159847000
2229.7881954028 552161.3553852359 1016867.2159847000
1716.9369104601 552161.3553852359 1016867.2159847000
1322.0414210543 552161.3553852359 1016867.2159847000
1017.9718942118 552161.3553852359 1016867.2159847000
783.8383585431 552161.3553852359 1016867.2159847000
603.5555360782 552161.3553852359 1016867.2159847000
464.7377627802 552161.3553852359 1016867.2159847000
357.8480773408 552161.3553852359 1016867.2159847000
275.5430195524 552161.3553852359 1016867.2159847000
212.1681250553 552161.3553852359 1016867.2159847000
163.3694562926 552161.3553852359 1016867.2159847000
125.7944813453 552161.3553852359 1016867.2159847000
96.8617506359 552161.3553852359 1016867.2159847000
74.5835479896 552161.3553852359 1016867.2159847000
57.4293319520 552161.3553852359 1016867.2159847000
44.2205856031 552161.3553852359 1016867.2159847000
34.0498509144 552161.3553852359 1016867.2159847000
26.2183852041 552161.3553852359 1016867.2159847000
20.1881566071 552161.3553852359 1016867.2159847000
15.5448805875 552161.3553852359 1016867.2159847000
11.9695580524 552161.3553852359 1016867.2159847000
9.2165597003 552161.3553852359 1016867.2159847000
7.0967509692 552161.3553852359 1016867.2159847000
5.4644982463 552161.3553852359 1016867.2159847000
4.2076636497 552161.3553852359 1016867.2159847000
3.2399010102 552161.3553852359 1016867.2159847000
2.4947237779 552161.3553852359 1016867.2159847000
1.9209373090 552161.3553852359 1016867.2159847000
1.4791217279 552161.3553852359 1016867.2159847000
1.1389237305 552161.3553852359 1016867.2159847000
0.8769712725 552161.3553852359 1016867.2159847000
0.6752678798 552161.3553852359 1016867.2159847000
0.5199562675 552161.3553852359 1016867.2159847000
0.4003663259 552161.3553852359 1016867.2159847000
0.3082820710 552161.3553852359 1016867.2159847000
0.2373771946 552161.3553852359 1016867.2159847000
0.1827804399 552161.3553852359 1016867.2159847000
0.1407409387 552161.3553852359 1016867.2159847000
0.1083705228 552161.3553852359 1016867.2159847000
0.0834453026 552161.3553852359 1016867.2159847000
0.0642528830 552161.3553852359 1016867.2159847000
0.0494747199 552161.3553852359 1016867.2159847000
0.0380955343 552161.3553852359 1016867.2159847000
0.0293335614 552161.3553852359 1016867.2159847000
0.0225868423 552161.3553852359 1016867.2159847000
0.0173918686 552161.3553852359 1016867.2159847000
0.0133917388 552161.3553852359 1016867.2159847000
0.0103116389 552161.3553852359 1016867.2159847000
0.0079399619 552161.3553852359 1016867.2159847000
0.0061137707 552161.3553852359 1016867.2159847000
0.0047076034 552161.3553852359 1016867.2159847000
0.0036248546 552161.3553852359 1016867.2159847000
0.0027911381 552161.3553852359 1016867.2159847000
0.0021491763 552161.3553852359 1016867.2159847000
0.0016548658 552161.3553852359 1016867.2159847000
0.0012742466 552161.3553852359 1016867.2159847000
0.0009811699 552161.3553852359 1016867.2159847000
0.0007555008 552161.3553852359 1016867.2159847000
0.0005817356 552161.3553852359 1016867.2159847000
0.0004479364 552161.3553852359 1016867.2159847000
0.0003449111 552161.3553852359 1016867.2159847000
0.0002655815 552161.3553852359 1016867.2159847000
0.0002044978 552161.3553852359 1016867.2159847000
0.0001574633 552161.3553852359 1016867.2159847000
0.0001212467 552161.3553852359 1016867.2159847000
0.0000933600 552161.3553852359 1016867.2159847000
0.0000718872 552161.3553852359 1016867.2159847000
0.0000553531 552161.3553852359 1016867.2159847000
0.0000426219 552161.3553852359 1016867.2159847000
0.0000328189 552161.3553852359 1016867.2159847000
0.0000252705 552161.3553852359 1016867.2159847000
0.0000194583 552161.3553852359 1016867.2159847000
0.0000149829 552161.3553852359 1016867.2159847000
0.0000115368 552161.3553852359 1016867.2159847000
0.0000088834 552161.3553852359 1016867.2159847000
0.0000068402 552161.3553852359 1016867.2159847000
0.0000052669 552161.3553852359 1016867.2159847000
0.0000040555 552161.3553852359 1016867.2159847000
0.0000031228 552161.3553852359 1016867.2159847000
0.0000024045 552161.3553852359 1016867.2159847000
0.0000018515 552161.3553852359 1016867.2159847000
0.0000014256 552161.3553852359 1016867.2159847000
0.0000010977 552161.3553852359 1016867.2159847000
0.0000008453 552161.3553852359 1016867.2159847000
0.0000006509 552161.3553852359 1016867.2159847000
0.0000005012 552161.3553852359 1016867.2159847000
0.0000003859 552161.3553852359 1016867.2159847000
0.0000002971 552161.3553852359 1016867.2159847000
0.0000002288 552161.3553852359 1016867.2159847000
0.0000001762 552161.3553852359 1016867.2159847000
0.0000001357 552161.3553852359 1016867.2159847000
0.0000001045 552161.3553852359 1016867.2159847000
0.0000000804 552161.3553852359 1016867.2159847000
0.0000000619 552161.3553852359 1016867.2159847000
0.0000000477 552161.3553852359 1016867.2159847000
0.0000000367 552161.3553852359 1016867.2159847000
0.0000000283 552161.3553852359 1016867.2159847000
0.0000000218 552161.3553852359 1016867.2159847000
0.0000000168 552161.3553852359 1016867.2159847000
0.0000000129 552161.3553852359 1016867.2159847000
0.0000000099 552161.3553852359 1016867.2159847000
