21517643122815075170761886034265374720.0000000000 21536330855145216.0000000000 0.0000000000
21517643122815075170761886034265374720.0000000000 21536330855145216.0000000000 0.0000000000
21517643122815075170761886034265374720.0000000000 21536330855145216.0000000000 0.0000000000
21517643122815075170761886034265374720.0000000000 21536330855145216.0000000000 0.0000000000
21517643122815075170761886034265374720.0000000000 21536330855145216.0000000000 0.0000000000
21517643122815075170761886034265374720.0000000000 21536330855145216.0000000000 0.0000000000
21517643122815075170761886034265374720.0000000000 21536330855145216.0000000000 0.0000000000
21517643122815075170761886034265374720.0000000000 21536330855145216.0000000000 0.0000000000
21517643122815075170761886034265374720.0000000000 21536330855145216.0000000000 0.0000000000
21517643122815075170761886034265374720.0000000000 21536330855145216.0000000000 0.0000000000
21517643122815075170761886034265374720.0000000000 21536330855145216.0000000000 0.0000000000
21517643122815075170761886034265374720.0000000000 21536330855145216.0000000000 0.0000000000
21517643122815075170761886034265374720.0000000000 21536330855145216.0000000000 0.0000000000
21517643122815075170761886034265374720.0000000000 21536330855145216.0000000000 0.0000000000
21517643122815075170761886034265374720.0000000000 21536330855145216.0000000000 0.0000000000
21517643122815075170761886034265374720.0000000000 21536330855145216.0000000000 0.0000000000
21517643122815075170761886034265374720.0000000000 21536330855145216.0000000000 0.0000000000
21517643122815075170761886034265374720.0000000000 21536330855145216.0000000000 0.0000000000
21517643122815075170761886034265374720.0000000000 21536330855145216.0000000000 0.0000000000
21517643122815075170761886034265374720.0000000000 21536330855145216.0000000000 0.0000000000
21517643122815075170761886034265374720.0000000000 21536330855145216.0000000000 0.0000000000
21517643122815075170761886034265374720.0000000000 21536330855145216.0000000000 0.0000000000
21517643122815075170761886034265374720.0000000000 21536330855145216.0000000000 0.0000000000
21517643122815075170761886034265374720.0000000000 21536330855145216.0000000000 0.0000000000
21517643122815075170761886034265374720.0000000000 21536330855145216.0000000000 0.0000000000
21517643122815075170761886034265374720.0000000000 21536330855145216.0000000000 0.0000000000
21517643122815075170761886034265374720.0000000000 21536330855145216.0000000000 0.0000000000
21517643122815075170761886034265374720.0000000000 21536330855145216.0000000000 0.0000000000
21517643122815075170761886034265374720.0000000000 21536330855145216.0000000000 0.0000000000
21517643122815075170761886034265374720.0000000000 21536330855145216.0000000000 0.0000000000
21517643122815075170761886034265374720.0000000000 21536330855145216.0000000000 0.0000000000
21517643122815075170761886034265374720.0000000000 21536330855145216.0000000000 0.0000000000
21517643122815075170761886034265374720.0000000000 21536330855145216.0000000000 0.0000000000
21517643122815075170761886034265374720.0000000000 21536330855145216.0000000000 0.0000000000
21517643122815075170761886034265374720.0000000000 21536330855145216.0000000000 0.0000000000
21517643122815075170761886034265374720.0000000000 21536330855145216.0000000000 0.0000000000
21517643122815075170761886034265374720.0000000000 21536330855145216.0000000000 0.0000000000
21517643122815075170761886034265374720.0000000000 21536330855145216.0000000000 0.0000000000
21517643122815075170761886034265374720.0000000000 21536330855145216.0000000000 0.0000000000
21517643122815075170761886034265374720.0000000000 21536330855145216.0000000000 0.0000000000
21517643122815075170761886034265374720.0000000000 21536330855145216.0000000000 0.0000000000
21517643122815075170761886034265374720.0000000000 21536330855145216.0000000000 0.0000000000
21517643122815075170761886034265374720.0000000000 21536330855145216.0000000000 0.0000000000
21517643122815075170761886034265374720.0000000000 21536330855145216.0000000000 0.0000000000
21517643122815075170761886034265374720.0000000000 21536330855145216.0000000000 0.0000000000
21517643122815075170761886034265374720.0000000000 21536330855145216.0000000000 0.0000000000
21517643122815075170761886034265374720.0000000000 21536330855145216.0000000000 0.0000000000
21517643122815075170761886034265374720.0000000000 21536330855145216.0000000000 0.0000000000
21517643122815075170761886034265374720.0000000000 21536330855145216.0000000000 0.0000000000
21517643122815075170761886034265374720.0000000000 21536330855145216.0000000000 0.0000000000
21517643122815075170761886034265374720.0000000000 21536330855145216.0000000000 0.0000000000
21517643122815075170761886034265374720.0000000000 21536330855145216.0000000000 0.0000000000
21517643122815075170761886034265374720.0000000000 21536330855145216.0000000000 0.0000000000
21517643122815075170761886034265374720.0000000000 21536330855145216.0000000000 0.0000000000
21517643122815075170761886034265374720.0000000000 21536330855145216.0000000000 0.0000000000
21517643122815075170761886034265374720.0000000000 21536330855145216.0000000000 0.0000000000
21517643122815075170761886034265374720.0000000000 21536330855145216.0000000000 0.0000000000
21517643122815075170761886034265374720.0000000000 21536330855145216.0000000000 0.0000000000
21517643122815075170761886034265374720.0000000000 21536330855145216.0000000000 0.0000000000
21517643122815075170761886034265374720.0000000000 21536330855145216.0000000000 0.0000000000
21517643122815075170761886034265374720.0000000000 21536330855145216.0000000000 0.0000000000
21517643122815075170761886034265374720.0000000000 21536330855145216.0000000000 0.0000000000
21517643122815075170761886034265374720.0000000000 21536330855145216.0000000000 0.0000000000
21517643122815075170761886034265374720.0000000000 21536330855145216.0000000000 0.0000000000
21517643122815075170761886034265374720.0000000000 21536330855145216.0000000000 0.0000000000
21517643122815075170761886034265374720.0000000000 21536330855145216.0000000000 0.0000000000
21517643122815075170761886034265374720.0000000000 21536330855145216.0000000000 0.0000000000
21517643122815075170761886034265374720.0000000000 21536330855145216.0000000000 0.0000000000
21517643122815075170761886034265374720.0000000000 21536330855145216.0000000000 0.0000000000
21517643122815075170761886034265374720.0000000000 21536330855145216.0000000000 0.0000000000
21517643122815075170761886034265374720.0000000000 21536330855145216.0000000000 0.0000000000
21517643122815075170761886034265374720.0000000000 21536330855145216.0000000000 0.0000000000
21517643122815075170761886034265374720.0000000000 21536330855145216.0000000000 0.0000000000
21517643122815075170761886034265374720.0000000000 21536330855145216.0000000000 0.0000000000
21517643122815075170761886034265374720.0000000000 21536330855145216.0000000000 0.0000000000
21517643122815075170761886034265374720.0000000000 21536330855145216.0000000000 0.0000000000
21517643122815075170761886034265374720.0000000000 21536330855145216.0000000000 0.0000000000
21517643122815075170761886034265374720.0000000000 21536330855145216.0000000000 0.0000000000
21517643122815075170761886034265374720.0000000000 21536330855145216.0000000000 0.0000000000
21517643122815075170761886034265374720.0000000000 21536330855145216.0000000000 0.0000000000
21517643122815075170761886034265374720.0000000000 21536330855145216.0000000000 0.0000000000
21517643122815075170761886034265374720.0000000000 21536330855145216.0000000000 0.0000000000
21517643122815075170761886034265374720.0000000000 21536330855145216.0000000000 0.0000000000
21517643122815075170761886034265374720.0000000000 21536330855145216.0000000000 0.0000000000
21517643122815075170761886034265374720.0000000000 21536330855145216.0000000000 0.0000000000
21517643122815075170761886034265374720.0000000000 21536330855145216.0000000000 0.0000000000
21517643122815075170761886034265374720.0000000000 21536330855145216.0000000000 0.0000000000
21517643122815075170761886034265374720.0000000000 21536330855145216.0000000000 0.0000000000
21517643122815075170761886034265374720.0000000000 21536330855145216.0000000000 0.0000000000
21517643122815075170761886034265374720.0000000000 21536330855145216.0000000000 0.0000000000
21517643122815075170761886034265374720.0000000000 21536330855145216.0000000000 0.0000000000
21517643122815075170761886034265374720.0000000000 21536330855145216.0000000000 0.0000000000
21517643122815075170761886034265374720.0000000000 21536330855145216.0000000000 0.0000000000
21517643122815075170761886034265374720.0000000000 21536330855145216.0000000000 0.0000000000
21517643122815075170761886034265374720.0000000000 21536330855145216.0000000000 0.0000000000
21517643122815075170761886034265374720.0000000000 21536330855145216.0000000000 0.0000000000
21517643122815075170761886034265374720.0000000000 21536330855145216.0000000000 0.0000000000
21517643122815075170761886034265374720.0000000000 21536330855145216.0000000000 0.0000000000
21517643122815075170761886034265374720.0000000000 21536330855145216.0000000000 0.0000000000
21517643122815075170761886034265374720.0000000000 21536330855145216.0000000000 0.0000000000
21517643122815075170761886034265374720.0000000000 21536330855145216.0000000000 0.0000000000
21517643122815075170761886034265374720.0000000000 21536330855145216.0000000000 0.0000000000
21517643122815075170761886034265374720.0000000000 21536330855145216.0000000000 0.0000000000
21517643122815075170761886034265374720.0000000000 21536330855145216.0000000000 0.0000000000
21517643122815075170761886034265374720.0000000000 21536330855145216.0000000000 0.0000000000
21517643122815075170761886034265374720.0000000000 21536330855145216.0000000000 0.0000000000
21517643122815075170761886034265374720.0000000000 21536330855145216.0000000000 0.0000000000
21517643122815075170761886034265374720.0000000000 21536330855145216.0000000000 0.0000000000
21517643122815075170761886034265374720.0000000000 21536330855145216.0000000000 0.0000000000
21517643122815075170761886034265374720.0000000000 21536330855145216.0000000000 0.0000000000
21517643122815075170761886034265374720.0000000000 21536330855145216.0000000000 0.0000000000
21517643122815075170761886034265374720.0000000000 21536330855145216.0000000000 0.0000000000
21517643122815075170761886034265374720.0000000000 21536330855145216.0000000000 0.0000000000
21517643122815075170761886034265374720.0000000000 21536330855145216.0000000000 0.0000000000
21517643122815075170761886034265374720.0000000000 21536330855145216.0000000000 0.0000000000
21517643122815075170761886034265374720.0000000000 21536330855145216.0000000000 0.0000000000
21517643122815075170761886034265374720.0000000000 21536330855145216.0000000000 0.0000000000
21517643122815075170761886034265374720.0000000000 21536330855145216.0000000000 0.0000000000
21517643122815075170761886034265374720.0000000000 21536330855145216.0000000000 0.0000000000
21517643122815075170761886034265374720.0000000000 21536330855145216.0000000000 0.0000000000
21517643122815075170761886034265374720.0000000000 21536330855145216.0000000000 0.0000000000
21517643122815075170761886034265374720.0000000000 21536330855145216.0000000000 0.0000000000
21517643122815075170761886034265374720.0000000000 21536330855145216.0000000000 0.0000000000
21517643122815075170761886034265374720.0000000000 21536330855145216.0000000000 0.0000000000
21517643122815075170761886034265374720.0000000000 21536330855145216.0000000000 0.0000000000
21517643122815075170761886034265374720.0000000000 21536330855145216.0000000000 0.0000000000
21517643122815075170761886034265374720.0000000000 21536330855145216.0000000000 0.0000000000
21517643122815075170761886034265374720.0000000000 21536330855145216.0000000000 0.0000000000
21517643122815075170761886034265374720.0000000000 21536330855145216.0000000000 0.0000000000
21517643122815075170761886034265374720.0000000000 21536330855145216.0000000000 0.0000000000
21517643122815075170761886034265374720.0000000000 21536330855145216.0000000000 0.0000000000
21517643122815075170761886034265374720.0000000000 21536330855145216.0000000000 0.0000000000
21517643122815075170761886034265374720.0000000000 21536330855145216.0000000000 0.0000000000
21517643122815075170761886034265374720.0000000000 21536330855145216.0000000000 0.0000000000
21517643122815075170761886034265374720.0000000000 21536330855145216.0000000000 0.0000000000
21517643122815075170761886034265374720.0000000000 21536330855145216.0000000000 0.0000000000
21517643122815075170761886034265374720.0000000000 21536330855145216.0000000000 0.0000000000
21517643122815075170761886034265374720.0000000000 21536330855145216.0000000000 0.0000000000
21517643122815075170761886034265374720.0000000000 21536330855145216.0000000000 0.0000000000
21517643122815075170761886034265374720.0000000000 21536330855145216.0000000000 0.0000000000
21517643122815075170761886034265374720.0000000000 21536330855145216.0000000000 0.0000000000
21517643122815075170761886034265374720.0000000000 21536330855145216.0000000000 0.0000000000
21517643122815075170761886034265374720.0000000000 21536330855145216.0000000000 0.0000000000
21517643122815075170761886034265374720.0000000000 21536330855145216.0000000000 0.0000000000
21517643122815075170761886034265374720.0000000000 21536330855145216.0000000000 0.0000000000
21517643122815075170761886034265374720.0000000000 21536330855145216.0000000000 0.0000000000
21517643122815075170761886034265374720.0000000000 21536330855145216.0000000000 0.0000000000
21517643122815075170761886034265374720.0000000000 21536330855145216.0000000000 0.0000000000
21517643122815075170761886034265374720.0000000000 21536330855145216.0000000000 0.0000000000
21517643122815075170761886034265374720.0000000000 21536330855145216.0000000000 0.0000000000
21517643122815075170761886034265374720.0000000000 21536330855145216.0000000000 0.0000000000
21517643122815075170761886034265374720.0000000000 21536330855145216.0000000000 0.0000000000
21517643122815075170761886034265374720.0000000000 21536330855145216.0000000000 0.0000000000
21517643122815075170761886034265374720.0000000000 21536330855145216.0000000000 0.0000000000
21517643122815075170761886034265374720.0000000000 21536330855145216.0000000000 0.0000000000
21517643122815075170761886034265374720.0000000000 21536330855145216.0000000000 0.0000000000
21517643122815075170761886034265374720.0000000000 21536330855145216.0000000000 0.0000000000
21517643122815075170761886034265374720.0000000000 21536330855145216.0000000000 0.0000000000
21517643122815075170761886034265374720.0000000000 21536330855145216.0000000000 0.0000000000
21517643122815075170761886034265374720.0000000000 21536330855145216.0000000000 0.0000000000
21517643122815075170761886034265374720.0000000000 21536330855145216.0000000000 0.0000000000
21517643122815075170761886034265374720.0000000000 21536330855145216.0000000000 0.0000000000
21517643122815075170761886034265374720.0000000000 21536330855145216.0000000000 0.0000000000
21517643122815075170761886034265374720.0000000000 21536330855145216.0000000000 0.0000000000
21517643122815075170761886034265374720.0000000000 21536330855145216.0000000000 0.0000000000
21517643122815075170761886034265374720.0000000000 21536330855145216.0000000000 0.0000000000
21517643122815075170761886034265374720.0000000000 21536330855145216.0000000000 0.0000000000
21517643122815075170761886034265374720.0000000000 21536330855145216.0000000000 0.0000000000
21517643122815075170761886034265374720.0000000000 21536330855145216.0000000000 0.0000000000
21517643122815075170761886034265374720.0000000000 21536330855145216.0000000000 0.0000000000
21517643122815075170761886034265374720.0000000000 21536330855145216.0000000000 0.0000000000
21517643122815075170761886034265374720.0000000000 21536330855145216.0000000000 0.0000000000
21517643122815075170761886034265374720.0000000000 21536330855145216.0000000000 0.0000000000
21517643122815075170761886034265374720.0000000000 21536330855145216.0000000000 0.0000000000
21517643122815075170761886034265374720.0000000000 21536330855145216.0000000000 0.0000000000
21517643122815075170761886034265374720.0000000000 21536330855145216.0000000000 0.0000000000
21517643122815075170761886034265374720.0000000000 21536330855145216.0000000000 0.0000000000
21517643122815075170761886034265374720.0000000000 21536330855145216.0000000000 0.0000000000
21517643122815075170761886034265374720.0000000000 21536330855145216.0000000000 0.0000000000
21517643122815075170761886034265374720.0000000000 21536330855145216.0000000000 0.0000000000
21517643122815075170761886034265374720.0000000000 21536330855145216.0000000000 0.0000000000
21517643122815075170761886034265374720.0000000000 21536330855145216.0000000000 0.0000000000
21517643122815075170761886034265374720.0000000000 21536330855145216.0000000000 0.0000000000
21517643122815075170761886034265374720.0000000000 21536330855145216.0000000000 0.0000000000
21517643122815075170761886034265374720.0000000000 21536330855145216.0000000000 0.0000000000
21517643122815075170761886034265374720.0000000000 21536330855145216.0000000000 0.0000000000
21517643122815075170761886034265374720.0000000000 21536330855145216.0000000000 0.0000000000
21517643122815075170761886034265374720.0000000000 21536330855145216.0000000000 0.0000000000
21517643122815075170761886034265374720.0000000000 21536330855145216.0000000000 0.0000000000
21517643122815075170761886034265374720.0000000000 21536330855145216.0000000000 0.0000000000
21517643122815075170761886034265374720.0000000000 21536330855145216.0000000000 0.0000000000
21517643122815075170761886034265374720.0000000000 21536330855145216.0000000000 0.0000000000
21517643122815075170761886034265374720.0000000000 21536330855145216.0000000000 0.0000000000
21517643122815075170761886034265374720.0000000000 21536330855145216.0000000000 0.0000000000
21517643122815075170761886034265374720.0000000000 21536330855145216.0000000000 0.0000000000
21517643122815075170761886034265374720.0000000000 21536330855145216.0000000000 0.0000000000
21517643122815075170761886034265374720.0000000000 21536330855145216.0000000000 0.0000000000
21517643122815075170761886034265374720.0000000000 21536330855145216.0000000000 0.0000000000
21517643122815075170761886034265374720.0000000000 21536330855145216.0000000000 0.0000000000
21517643122815075170761886034265374720.0000000000 21536330855145216.0000000000 0.0000000000
21517643122815075170761886034265374720.0000000000 21536330855145216.0000000000 0.0000000000
21517643122815075170761886034265374720.0000000000 21536330855145216.0000000000 0.0000000000
21517643122815075170761886034265374720.0000000000 21536330855145216.0000000000 0.0000000000
21517643122815075170761886034265374720.0000000000 21536330855145216.0000000000 0.0000000000
21517643122815075170761886034265374720.0000000000 21536330855145216.0000000000 0.0000000000
21517643122815075170761886034265374720.0000000000 21536330855145216.0000000000 0.0000000000
21517643122815075170761886034265374720.0000000000 21536330855145216.0000000000 0.0000000000
21517643122815075170761886034265374720.0000000000 21536330855145216.0000000000 0.0000000000
21517643122815075170761886034265374720.0000000000 21536330855145216.0000000000 0.0000000000
21517643122815075170761886034265374720.0000000000 21536330855145216.0000000000 0.0000000000
21517643122815075170761886034265374720.0000000000 21536330855145216.0000000000 0.0000000000
21517643122815075170761886034265374720.0000000000 21536330855145216.0000000000 0.0000000000
21517643122815075170761886034265374720.0000000000 21536330855145216.0000000000 0.0000000000
21517643122815075170761886034265374720.0000000000 21536330855145216.0000000000 0.0000000000
21517643122815075170761886034265374720.0000000000 21536330855145216.0000000000 0.0000000000
21517643122815075170761886034265374720.0000000000 21536330855145216.0000000000 0.0000000000
21517643122815075170761886034265374720.0000000000 21536330855145216.0000000000 0.0000000000
21517643122815075170761886034265374720.0000000000 21536330855145216.0000000000 0.0000000000
21517643122815075170761886034265374720.0000000000 21536330855145216.0000000000 0.0000000000
21517643122815075170761886034265374720.0000000000 21536330855145216.0000000000 0.0000000000
21517643122815075170761886034265374720.0000000000 21536330855145216.0000000000 0.0000000000
21517643122815075170761886034265374720.0000000000 21536330855145216.0000000000 0.0000000000
21517643122815075170761886034265374720.0000000000 21536330855145216.0000000000 0.0000000000
21517643122815075170761886034265374720.0000000000 21536330855145216.0000000000 0.0000000000
21517643122815075170761886034265374720.0000000000 21536330855145216.0000000000 0.0000000000
21517643122815075170761886034265374720.0000000000 21536330855145216.0000000000 0.0000000000
21517643122815075170761886034265374720.0000000000 21536330855145216.0000000000 0.0000000000
21517643122815075170761886034265374720.0000000000 21536330855145216.0000000000 0.0000000000
21517643122815075170761886034265374720.0000000000 21536330855145216.0000000000 0.0000000000
21517643122815075170761886034265374720.0000000000 21536330855145216.0000000000 0.0000000000
21517643122815075170761886034265374720.0000000000 21536330855145216.0000000000 0.0000000000
21517643122815075170761886034265374720.0000000000 21536330855145216.0000000000 0.0000000000
21517643122815075170761886034265374720.0000000000 21536330855145216.0000000000 0.0000000000
21517643122815075170761886034265374720.0000000000 21536330855145216.0000000000 0.0000000000
21517643122815075170761886034265374720.0000000000 21536330855145216.0000000000 0.0000000000
21517643122815075170761886034265374720.0000000000 21536330855145216.0000000000 0.0000000000
21517643122815075170761886034265374720.0000000000 21536330855145216.0000000000 0.0000000000
21517643122815075170761886034265374720.0000000000 21536330855145216.0000000000 0.0000000000
21517643122815075170761886034265374720.0000000000 21536330855145216.0000000000 0.0000000000
21517643122815075170761886034265374720.0000000000 21536330855145216.0000000000 0.0000000000
21517643122815075170761886034265374720.0000000000 21536330855145216.0000000000 0.0000000000
21517643122815075170761886034265374720.0000000000 21536330855145216.0000000000 0.0000000000
21517643122815075170761886034265374720.0000000000 21536330855145216.0000000000 0.0000000000
21517643122815075170761886034265374720.0000000000 21536330855145216.0000000000 0.0000000000
21517643122815075170761886034265374720.0000000000 21536330855145216.0000000000 0.0000000000
21517643122815075170761886034265374720.0000000000 21536330855145216.0000000000 0.0000000000
21517643122815075170761886034265374720.0000000000 21536330855145216.0000000000 0.0000000000
21517643122815075170761886034265374720.0000000000 21536330855145216.0000000000 0.0000000000
21517643122815075170761886034265374720.0000000000 21536330855145216.0000000000 0.0000000000
21517643122815075170761886034265374720.0000000000 21536330855145216.0000000000 0.0000000000
21517643122815075170761886034265374720.0000000000 21536330855145216.0000000000 0.0000000000
21517643122815075170761886034265374720.0000000000 21536330855145216.0000000000 0.0000000000
21517643122815075170761886034265374720.0000000000 21536330855145216.0000000000 0.0000000000
21517643122815075170761886034265374720.0000000000 21536330855145216.0000000000 0.0000000000
21517643122815075170761886034265374720.0000000000 21536330855145216.0000000000 0.0000000000
21517643122815075170761886034265374720.0000000000 21536330855145216.0000000000 0.0000000000
21517643122815075170761886034265374720.0000000000 21536330855145216.0000000000 0.0000000000
21517643122815075170761886034265374720.0000000000 21536330855145216.0000000000 0.0000000000
21517643122815075170761886034265374720.0000000000 21536330855145216.0000000000 0.0000000000
21517643122815075170761886034265374720.0000000000 21536330855145216.0000000000 0.0000000000
21517643122815075170761886034265374720.0000000000 21536330855145216.0000000000 0.0000000000
21517643122815075170761886034265374720.0000000000 21536330855145216.0000000000 0.0000000000
21517643122815075170761886034265374720.0000000000 21536330855145216.0000000000 0.0000000000
21517643122815075170761886034265374720.0000000000 21536330855145216.0000000000 0.0000000000
21517643122815075170761886034265374720.0000000000 21536330855145216.0000000000 0.0000000000
21517643122815075170761886034265374720.0000000000 21536330855145216.0000000000 0.0000000000
21517643122815075170761886034265374720.0000000000 21536330855145216.0000000000 0.0000000000
21517643122815075170761886034265374720.0000000000 21536330855145216.0000000000 0.0000000000
21517643122815075170761886034265374720.0000000000 21536330855145216.0000000000 0.0000000000
21517643122815075170761886034265374720.0000000000 21536330855145216.0000000000 0.0000000000
21517643122815075170761886034265374720.0000000000 21536330855145216.0000000000 0.0000000000
21517643122815075170761886034265374720.0000000000 21536330855145216.0000000000 0.0000000000
21517643122815075170761886034265374720.0000000000 21536330855145216.0000000000 0.0000000000
21517643122815075170761886034265374720.0000000000 21536330855145216.0000000000 0.0000000000
21517643122815075170761886034265374720.0000000000 21536330855145216.0000000000 0.0000000000
21517643122815075170761886034265374720.0000000000 21536330855145216.0000000000 0.0000000000
21517643122815075170761886034265374720.0000000000 21536330855145216.0000000000 0.0000000000
21517643122815075170761886034265374720.0000000000 21536330855145216.0000000000 0.0000000000
21517643122815075170761886034265374720.0000000000 21536330855145216.0000000000 0.0000000000
21517643122815075170761886034265374720.0000000000 21536330855145216.0000000000 0.0000000000
21517643122815075170761886034265374720.0000000000 21536330855145216.0000000000 0.0000000000
21517643122815075170761886034265374720.0000000000 21536330855145216.0000000000 0.0000000000
21517643122815075170761886034265374720.0000000000 21536330855145216.0000000000 0.0000000000
21517643122815075170761886034265374720.0000000000 21536330855145216.0000000000 0.0000000000
21517643122815075170761886034265374720.0000000000 21536330855145216.0000000000 0.0000000000
21517643122815075170761886034265374720.0000000000 21536330855145216.0000000000 0.0000000000
21517643122815075170761886034265374720.0000000000 21536330855145216.0000000000 0.0000000000
21517643122815075170761886034265374720.0000000000 21536330855145216.0000000000 0.0000000000
21517643122815075170761886034265374720.0000000000 21536330855145216.0000000000 0.0000000000
21517643122815075170761886034265374720.0000000000 21536330855145216.0000000000 0.0000000000
21517643122815075170761886034265374720.0000000000 21536330855145216.0000000000 0.0000000000
21517643122815075170761886034265374720.0000000000 21536330855145216.0000000000 0.0000000000
21517643122815075170761886034265374720.0000000000 21536330855145216.0000000000 0.0000000000
21517643122815075170761886034265374720.0000000000 21536330855145216.0000000000 0.0000000000
21517643122815075170761886034265374720.0000000000 21536330855145216.0000000000 0.0000000000
21517643122815075170761886034265374720.0000000000 21536330855145216.0000000000 0.0000000000
21517643122815075170761886034265374720.0000000000 21536330855145216.0000000000 0.0000000000
21517643122815075170761886034265374720.0000000000 21536330855145216.0000000000 0.0000000000
21517643122815075170761886034265374720.0000000000 21536330855145216.0000000000 0.0000000000
21517643122815075170761886034265374720.0000000000 21536330855145216.0000000000 0.0000000000
21517643122815075170761886034265374720.0000000000 21536330855145216.0000000000 0.0000000000
21517643122815075170761886034265374720.0000000000 21536330855145216.0000000000 0.0000000000
21517643122815075170761886034265374720.0000000000 21536330855145216.0000000000 0.0000000000
21517643122815075170761886034265374720.0000000000 21536330855145216.0000000000 0.0000000000
21517643122815075170761886034265374720.0000000000 21536330855145216.0000000000 0.0000000001
21517643122815075170761886034265374720.0000000000 21536330855145216.0000000000 0.0000000001
21517643122815075170761886034265374720.0000000000 21536330855145216.0000000000 0.0000000001
21517643122815075170761886034265374720.0000000000 21536330855145216.0000000000 0.0000000001
21517643122815075170761886034265374720.0000000000 21536330855145216.0000000000 0.0000000001
21517643122815075170761886034265374720.0000000000 21536330855145216.0000000000 0.0000000001
21517643122815075170761886034265374720.0000000000 21536330855145216.0000000000 0.0000000001
21517643122815075170761886034265374720.0000000000 21536330855145216.0000000000 0.0000000001
21517643122815075170761886034265374720.0000000000 21536330855145216.0000000000 0.0000000001
21517643122815075170761886034265374720.0000000000 21536330855145216.0000000000 0.0000000001
21517643122815075170761886034265374720.0000000000 21536330855145216.0000000000 0.0000000001
21517643122815075170761886034265374720.0000000000 21536330855145216.0000000000 0.0000000001
21517643122815075170761886034265374720.0000000000 21536330855145216.0000000000 0.0000000001
21517643122815075170761886034265374720.0000000000 21536330855145216.0000000000 0.0000000001
21517643122815075170761886034265374720.0000000000 21536330855145216.0000000000 0.0000000001
21517643122815075170761886034265374720.0000000000 21536330855145216.0000000000 0.0000000002
21517643122815075170761886034265374720.0000000000 21536330855145216.0000000000 0.0000000002
21517643122815075170761886034265374720.0000000000 21536330855145216.0000000000 0.0000000002
21517643122815075170761886034265374720.0000000000 21536330855145216.0000000000 0.0000000002
21517643122815075170761886034265374720.0000000000 21536330855145216.0000000000 0.0000000002
21517643122815075170761886034265374720.0000000000 21536330855145216.0000000000 0.0000000002
21517643122815075170761886034265374720.0000000000 21536330855145216.0000000000 0.0000000002
21517643122815075170761886034265374720.0000000000 21536330855145216.0000000000 0.0000000003
21517643122815075170761886034265374720.0000000000 21536330855145216.0000000000 0.0000000003
21517643122815075170761886034265374720.0000000000 21536330855145216.0000000000 0.0000000003
21517643122815075170761886034265374720.0000000000 21536330855145216.0000000000 0.0000000003
21517643122815075170761886034265374720.0000000000 21536330855145216.0000000000 0.0000000004
21517643122815075170761886034265374720.0000000000 21536330855145216.0000000000 0.0000000004
21517643122815075170761886034265374720.0000000000 21536330855145216.0000000000 0.0000000004
21517643122815075170761886034265374720.0000000000 21536330855145216.0000000000 0.0000000004
21517643122815075170761886034265374720.0000000000 21536330855145216.0000000000 0.0000000005
21517643122815075170761886034265374720.0000000000 21536330855145216.0000000000 0.0000000005
21517643122815075170761886034265374720.0000000000 21536330855145216.0000000000 0.0000000006
21517643122815075170761886034265374720.0000000000 21536330855145216.0000000000 0.0000000006
21517643122815075170761886034265374720.0000000000 21536330855145216.0000000000 0.0000000006
21517643122815075170761886034265374720.0000000000 21536330855145216.0000000000 0.0000000007
21517643122815075170761886034265374720.0000000000 21536330855145216.0000000000 0.0000000008
21517643122815075170761886034265374720.0000000000 21536330855145216.0000000000 0.0000000008
21517643122815075170761886034265374720.0000000000 21536330855145216.0000000000 0.0000000009
21517643122815075170761886034265374720.0000000000 21536330855145216.0000000000 0.0000000009
21517643122815075170761886034265374720.0000000000 21536330855145216.0000000000 0.0000000010
21517643122815075170761886034265374720.0000000000 21536330855145216.0000000000 0.0000000011
21517643122815075170761886034265374720.0000000000 21536330855145216.0000000000 0.0000000012
21517643122815075170761886034265374720.0000000000 21536330855145216.0000000000 0.0000000013
21517643122815075170761886034265374720.0000000000 21536330855145216.0000000000 0.0000000014
21517643122815075170761886034265374720.0000000000 21536330855145216.0000000000 0.0000000015
21517643122815075170761886034265374720.0000000000 21536330855145216.0000000000 0.0000000016
21517643122815075170761886034265374720.0000000000 21536330855145216.0000000000 0.0000000017
21517643122815075170761886034265374720.0000000000 21536330855145216.0000000000 0.0000000018
21517643122815075170761886034265374720.0000000000 21536330855145216.0000000000 0.0000000020
21517643122815075170761886034265374720.0000000000 21536330855145216.0000000000 0.0000000021
21517643122815075170761886034265374720.0000000000 21536330855145216.0000000000 0.0000000023
21517643122815075170761886034265374720.0000000000 21536330855145216.0000000000 0.0000000024
21517643122815075170761886034265374720.0000000000 21536330855145216.0000000000 0.0000000026
21517643122815075170761886034265374720.0000000000 21536330855145216.0000000000 0.0000000028
21517643122815075170761886034265374720.0000000000 21536330855145216.0000000000 0.0000000031
21517643122815075170761886034265374720.0000000000 21536330855145216.0000000000 0.0000000033
21517643122815075170761886034265374720.0000000000 21536330855145216.0000000000 0.0000000035
21517643122815075170761886034265374720.0000000000 21536330855145216.0000000000 0.0000000038
21517643122815075170761886034265374720.0000000000 21536330855145216.0000000000 0.0000000041
21517643122815075170761886034265374720.0000000000 21536330855145216.0000000000 0.0000000044
21517643122815075170761886034265374720.0000000000 21536330855145216.0000000000 0.0000000048
21517643122815075170761886034265374720.0000000000 21536330855145216.0000000000 0.0000000051
21517643122815075170761886034265374720.0000000000 21536330855145216.0000000000 0.0000000055
21517643122815075170761886034265374720.0000000000 21536330855145216.0000000000 0.0000000059
21517643122815075170761886034265374720.0000000000 21536330855145216.0000000000 0.0000000064
21517643122815075170761886034265374720.0000000000 21536330855145216.0000000000 0.0000000069
21517643122815075170761886034265374720.0000000000 21536330855145216.0000000000 0.0000000074
21517643122815075170761886034265374720.0000000000 21536330855145216.0000000000 0.0000000080
21517643122815075170761886034265374720.0000000000 21536330855145216.0000000000 0.0000000086
21517643122815075170761886034265374720.0000000000 21536330855145216.0000000000 0.0000000093
21517643122815075170761886034265374720.0000000000 21536330855145216.0000000000 0.0000000100
21517643122815075170761886034265374720.0000000000 21536330855145216.0000000000 0.0000000107
21517643122815075170761886034265374720.0000000000 21536330855145216.0000000000 0.0000000115
21517643122815075170761886034265374720.0000000000 21536330855145216.0000000000 0.0000000124
21517643122815075170761886034265374720.0000000000 21536330855145216.0000000000 0.0000000134
21517643122815075170761886034265374720.0000000000 21536330855145216.0000000000 0.0000000144
21517643122815075170761886034265374720.0000000000 21536330855145216.0000000000 0.0000000155
21517643122815075170761886034265374720.0000000000 21536330855145216.0000000000 0.0000000167
21517643122815075170761886034265374720.0000000000 21536330855145216.0000000000 0.0000000180
21517643122815075170761886034265374720.0000000000 21536330855145216.0000000000 0.0000000194
21517643122815075170761886034265374720.0000000000 21536330855145216.0000000000 0.0000000209
21517643122815075170761886034265374720.0000000000 21536330855145216.0000000000 0.0000000225
21517643122815075170761886034265374720.0000000000 21536330855145216.0000000000 0.0000000242
21517643122815075170761886034265374720.0000000000 21536330855145216.0000000000 0.0000000260
21517643122815075170761886034265374720.0000000000 21536330855145216.0000000000 0.0000000280
21517643122815075170761886034265374720.0000000000 21536330855145216.0000000000 0.0000000302
21517643122815075170761886034265374720.0000000000 21536330855145216.0000000000 0.0000000325
21517643122815075170761886034265374720.0000000000 21536330855145216.0000000000 0.0000000350
21517643122815075170761886034265374720.0000000000 21536330855145216.0000000000 0.0000000377
21517643122815075170761886034265374720.0000000000 21536330855145216.0000000000 0.0000000405
21517643122815075170761886034265374720.0000000000 21536330855145216.0000000000 0.0000000437
21517643122815075170761886034265374720.0000000000 21536330855145216.0000000000 0.0000000470
21517643122815075170761886034265374720.0000000000 21536330855145216.0000000000 0.0000000506
21517643122815075170761886034265374720.0000000000 21536330855145216.0000000000 0.0000000545
21517643122815075170761886034265374720.0000000000 21536330855145216.0000000000 0.0000000587
21517643122815075170761886034265374720.0000000000 21536330855145216.0000000000 0.0000000632
21517643122815075170761886034265374720.0000000000 21536330855145216.0000000000 0.0000000680
21517643122815075170761886034265374720.0000000000 21536330855145216.0000000000 0.0000000732
21517643122815075170761886034265374720.0000000000 21536330855145216.0000000000 0.0000000788
21517643122815075170761886034265374720.0000000000 21536330855145216.0000000000 0.0000000849
21517643122815075170761886034265374720.0000000000 21536330855145216.0000000000 0.0000000914
21517643122815075170761886034265374720.0000000000 21536330855145216.0000000000 0.0000000984
21517643122815075170761886034265374720.0000000000 21536330855145216.0000000000 0.0000001059
21517643122815075170761886034265374720.0000000000 21536330855145216.0000000000 0.0000001140
21517643122815075170761886034265374720.0000000000 21536330855145216.0000000000 0.0000001228
21517643122815075170761886034265374720.0000000000 21536330855145216.0000000000 0.0000001322
21517643122815075170761886034265374720.0000000000 21536330855145216.0000000000 0.0000001423
21517643122815075170761886034265374720.0000000000 21536330855145216.0000000000 0.0000001533
21517643122815075170761886034265374720.0000000000 21536330855145216.0000000000 0.0000001650
21517643122815075170761886034265374720.0000000000 21536330855145216.0000000000 0.0000001776
21517643122815075170761886034265374720.0000000000 21536330855145216.0000000000 0.0000001913
21517643122815075170761886034265374720.0000000000 21536330855145216.0000000000 0.0000002059
21517643122815075170761886034265374720.0000000000 21536330855145216.0000000000 0.0000002217
21517643122815075170761886034265374720.0000000000 21536330855145216.0000000000 0.0000002387
21517643122815075170761886034265374720.0000000000 21536330855145216.0000000000 0.0000002570
21517643122815075170761886034265374720.0000000000 21536330855145216.0000000000 0.0000002767
21517643122815075170761886034265374720.0000000000 21536330855145216.0000000000 0.0000002979
21517643122815075170761886034265374720.0000000000 21536330855145216.0000000000 0.0000003208
21517643122815075170761886034265374720.0000000000 21536330855145216.0000000000 0.0000003454
21517643122815075170761886034265374720.0000000000 21536330855145216.0000000000 0.0000003719
21517643122815075170761886034265374720.0000000000 21536330855145216.0000000000 0.0000004004
21517643122815075170761886034265374720.0000000000 21536330855145216.0000000000 0.0000004311
21517643122815075170761886034265374720.0000000000 21536330855145216.0000000000 0.0000004641
21517643122815075170761886034265374720.0000000000 21536330855145216.0000000000 0.0000004997
21517643122815075170761886034265374720.0000000000 21536330855145216.0000000000 0.0000005380
21517643122815075170761886034265374720.0000000000 21536330855145216.0000000000 0.0000005792
21517643122815075170761886034265374720.0000000000 21536330855145216.0000000000 0.0000006237
21517643122815075170761886034265374720.0000000000 21536330855145216.0000000000 0.0000006715
21517643122815075170761886034265374720.0000000000 21536330855145216.0000000000 0.0000007229
21517643122815075170761886034265374720.0000000000 21536330855145216.0000000000 0.0000007784
21517643122815075170761886034265374720.0000000000 21536330855145216.0000000000 0.0000008381
21517643122815075170761886034265374720.0000000000 21536330855145216.0000000000 0.0000009023
21517643122815075170761886034265374720.0000000000 21536330855145216.0000000000 0.0000009715
21517643122815075170761886034265374720.0000000000 21536330855145216.0000000000 0.0000010460
21517643122815075170761886034265374720.0000000000 21536330855145216.0000000000 0.0000011261
21517643122815075170761886034265374720.0000000000 21536330855145216.0000000000 0.0000012125
21517643122815075170761886034265374720.0000000000 21536330855145216.0000000000 0.0000013054
21517643122815075170761886034265374720.0000000000 21536330855145216.0000000000 0.0000014055
21517643122815075170761886034265374720.0000000000 21536330855145216.0000000000 0.0000015133
21517643122815075170761886034265374720.0000000000 21536330855145216.0000000000 0.0000016293
21517643122815075170761886034265374720.0000000000 21536330855145216.0000000000 0.0000017542
21517643122815075170761886034265374720.0000000000 21536330855145216.0000000000 0.0000018887
21517643122815075170761886034265374720.0000000000 21536330855145216.0000000000 0.0000020335
21517643122815075170761886034265374720.0000000000 21536330855145216.0000000000 0.0000021894
21517643122815075170761886034265374720.0000000000 21536330855145216.0000000000 0.0000023573
21517643122815075170761886034265374720.0000000000 21536330855145216.0000000000 0.0000025380
21517643122815075170761886034265374720.0000000000 21536330855145216.0000000000 0.0000027326
21517643122815075170761886034265374720.0000000000 21536330855145216.0000000000 0.0000029421
21517643122815075170761886034265374720.0000000000 21536330855145216.0000000000 0.0000031676
21517643122815075170761886034265374720.0000000000 21536330855145216.0000000000 0.0000034105
21517643122815075170761886034265374720.0000000000 21536330855145216.0000000000 0.0000036719
21517643122815075170761886034265374720.0000000000 21536330855145216.0000000000 0.0000039535
21517643122815075170761886034265374720.0000000000 21536330855145216.0000000000 0.0000042566
21517643122815075170761886034265374720.0000000000 21536330855145216.0000000000 0.0000045829
21517643122815075170761886034265374720.0000000000 21536330855145216.0000000000 0.0000049342
21517643122815075170761886034265374720.0000000000 21536330855145216.0000000000 0.0000053125
21517643122815075170761886034265374720.0000000000 21536330855145216.0000000000 0.0000057198
21517643122815075170761886034265374720.0000000000 21536330855145216.0000000000 0.0000061584
21517643122815075170761886034265374720.0000000000 21536330855145216.0000000000 0.0000066305
21517643122815075170761886034265374720.0000000000 21536330855145216.0000000000 0.0000071388
21517643122815075170761886034265374720.0000000000 21536330855145216.0000000000 0.0000076861
21517643122815075170761886034265374720.0000000000 21536330855145216.0000000000 0.0000082754
21517643122815075170761886034265374720.0000000000 21536330855145216.0000000000 0.0000089099
21517643122815075170761886034265374720.0000000000 21536330855145216.0000000000 0.0000095929
21517643122815075170761886034265374720.0000000000 21536330855145216.0000000000 0.0000103284
21517643122815075170761886034265374720.0000000000 21536330855145216.0000000000 0.0000111202
21517643122815075170761886034265374720.0000000000 21536330855145216.0000000000 0.0000119728
21517643122815075170761886034265374720.0000000000 21536330855145216.0000000000 0.0000128907
21517643122815075170761886034265374720.0000000000 21536330855145216.0000000000 0.0000138790
21517643122815075170761886034265374720.0000000000 21536330855145216.0000000000 0.0000149431
21517643122815075170761886034265374720.0000000000 21536330855145216.0000000000 0.0000160887
21517643122815075170761886034265374720.0000000000 21536330855145216.0000000000 0.0000173222
21517643122815075170761886034265374720.0000000000 21536330855145216.0000000000 0.0000186502
21517643122815075170761886034265374720.0000000000 21536330855145216.0000000000 0.0000200800
21517643122815075170761886034265374720.0000000000 21536330855145216.0000000000 0.0000216195
21517643122815075170761886034265374720.0000000000 21536330855145216.0000000000 0.0000232770
21517643122815075170761886034265374720.0000000000 21536330855145216.0000000000 0.0000250616
21517643122815075170761886034265374720.0000000000 21536330855145216.0000000000 0.0000269830
21517643122815075170761886034265374720.0000000000 21536330855145216.0000000000 0.0000290517
21517643122815075170761886034265374720.0000000000 21536330855145216.0000000000 0.0000312790
21517643122815075170761886034265374720.0000000000 21536330855145216.0000000000 0.0000336770
21517643122815075170761886034265374720.0000000000 21536330855145216.0000000000 0.0000362589
21517643122815075170761886034265374720.0000000000 21536330855145216.0000000000 0.0000390388
21517643122815075170761886034265374720.0000000000 21536330855145216.0000000000 0.0000420317
21517643122815075170761886034265374720.0000000000 21536330855145216.0000000000 0.0000452542
21517643122815075170761886034265374720.0000000000 21536330855145216.0000000000 0.0000487237
21517643122815075170761886034265374720.0000000000 21536330855145216.0000000000 0.0000524591
21517643122815075170761886034265374720.0000000000 21536330855145216.0000000000 0.0000564810
21517643122815075170761886034265374720.0000000000 21536330855145216.0000000000 0.0000608112
21517643122815075170761886034265374720.0000000000 21536330855145216.0000000000 0.0000654734
21517643122815075170761886034265374720.0000000000 21536330855145216.0000000000 0.0000704930
21517643122815075170761886034265374720.0000000000 21536330855145216.0000000000 0.0000758975
21517643122815075170761886034265374720.0000000000 21536330855145216.0000000000 0.0000817163
21517643122815075170761886034265374720.0000000000 21536330855145216.0000000000 0.0000879812
21517643122815075170761886034265374720.0000000000 21536330855145216.0000000000 0.0000947265
21517643122815075170761886034265374720.0000000000 21536330855145216.0000000000 0.0001019888
21517643122815075170761886034265374720.0000000000 21536330855145216.0000000000 0.0001098080
21517643122815075170761886034265374720.0000000000 21536330855145216.0000000000 0.0001182266
21517643122815075170761886034265374720.0000000000 21536330855145216.0000000000 0.0001272906
21517643122815075170761886034265374720.0000000000 21536330855145216.0000000000 0.0001370495
21517643122815075170761886034265374720.0000000000 21536330855145216.0000000000 0.0001475567
21517643122815075170761886034265374720.0000000000 21536330855145216.0000000000 0.0001588694
21517643122815075170761886034265374720.0000000000 21536330855145216.0000000000 0.0001710493
21517643122815075170761886034265374720.0000000000 21536330855145216.0000000000 0.0001841631
21517643122815075170761886034265374720.0000000000 21536330855145216.0000000000 0.0001982823
21517643122815075170761886034265374720.0000000000 21536330855145216.0000000000 0.0002134839
21517643122815075170761886034265374720.0000000000 21536330855145216.0000000000 0.0002298510
21517643122815075170761886034265374720.0000000000 21536330855145216.0000000000 0.0002474730
21517643122815075170761886034265374720.0000000000 21536330855145216.0000000000 0.0002664459
21517643122815075170761886034265374720.0000000000 21536330855145216.0000000000 0.0002868734
21517643122815075170761886034265374720.0000000000 21536330855145216.0000000000 0.0003088670
21517643122815075170761886034265374720.0000000000 21536330855145216.0000000000 0.0003325468
21517643122815075170761886034265374720.0000000000 21536330855145216.0000000000 0.0003580421
21517643122815075170761886034265374720.0000000000 21536330855145216.0000000000 0.0003854920
21517643122815075170761886034265374720.0000000000 21536330855145216.0000000000 0.0004150464
21517643122815075170761886034265374720.0000000000 21536330855145216.0000000000 0.0004468666
21517643122815075170761886034265374720.0000000000 21536330855145216.0000000000 0.0004811264
21517643122815075170761886034265374720.0000000000 21536330855145216.0000000000 0.0005180127
21517643122815075170761886034265374720.0000000000 21536330855145216.0000000000 0.0005577270
21517643122815075170761886034265374720.0000000000 21536330855145216.0000000000 0.0006004861
21517643122815075170761886034265374720.0000000000 21536330855145216.0000000000 0.0006465234
21517643122815075170761886034265374720.0000000000 21536330855145216.0000000000 0.0006960902
21517643122815075170761886034265374720.0000000000 21536330855145216.0000000000 0.0007494571
21517643122815075170761886034265374720.0000000000 21536330855145216.0000000000 0.0008069155
21517643122815075170761886034265374720.0000000000 21536330855145216.0000000000 0.0008687790
21517643122815075170761886034265374720.0000000000 21536330855145216.0000000000 0.0009353854
21517643122815075170761886034265374720.0000000000 21536330855145216.0000000000 0.0010070982
21517643122815075170761886034265374720.0000000000 21536330855145216.0000000000 0.0010843091
21517643122815075170761886034265374720.0000000000 21536330855145216.0000000000 0.0011674395
21517643122815075170761886034265374720.0000000000 21536330855145216.0000000000 0.0012569432
21517643122815075170761886034265374720.0000000000 21536330855145216.0000000000 0.0013533088
21517643122815075170761886034265374720.0000000000 21536330855145216.0000000000 0.0014570625
21517643122815075170761886034265374720.0000000000 21536330855145216.0000000000 0.0015687706
21517643122815075170761886034265374720.0000000000 21536330855145216.0000000000 0.0016890430
21517643122815075170761886034265374720.0000000000 21536330855145216.0000000000 0.0018185363
21517643122815075170761886034265374720.0000000000 21536330855145216.0000000000 0.0019579574
21517643122815075170761886034265374720.0000000000 21536330855145216.0000000000 0.0021080675
21517643122815075170761886034265374720.0000000000 21536330855145216.0000000000 0.0022696860
21517643122815075170761886034265374720.0000000000 21536330855145216.0000000000 0.0024436953
21517643122815075170761886034265374720.0000000000 21536330855145216.0000000000 0.0026310452
21517643122815075170761886034265374720.0000000000 21536330855145216.0000000000 0.0028327587
21517643122815075170761886034265374720.0000000000 21536330855145216.0000000000 0.0030499369
21517643122815075170761886034265374720.0000000000 21536330855145216.0000000000 0.0032837653
21517643122815075170761886034265374720.0000000000 21536330855145216.0000000000 0.0035355207
21517643122815075170761886034265374720.0000000000 21536330855145216.0000000000 0.0038065773
21517643122815075170761886034265374720.0000000000 21536330855145216.0000000000 0.0040984149
21517643122815075170761886034265374720.0000000000 21536330855145216.0000000000 0.0044126267
21517643122815075170761886034265374720.0000000000 21536330855145216.0000000000 0.0047509281
21517643122815070448395403164620161024.0000000000 21536330855145216.0000000000 0.0051151659
21517643122815065726028920294974947328.0000000000 21536330855145208.0000000000 0.0055073286
21517643122815061003662437425329733632.0000000000 21536330855145208.0000000000 0.0059295571
21517643122815056281295954555684519936.0000000000 21536330855145200.0000000000 0.0063841565
21517643122815051558929471686039306240.0000000000 21536330855145196.0000000000 0.0068736085
21517643122815046836562988816394092544.0000000000 21536330855145192.0000000000 0.0074005851
21517643122815042114196505946748878848.0000000000 21536330855145188.0000000000 0.0079679633
21517643122815037391830023077103665152.0000000000 21536330855145184.0000000000 0.0085788405
21517643122815027947097057337813237760.0000000000 21536330855145176.0000000000 0.0092365516
21517643122815018502364091598522810368.0000000000 21536330855145168.0000000000 0.0099446873
21517643122815009057631125859232382976.0000000000 21536330855145160.0000000000 0.0107071133
21517643122814994890531677250296741888.0000000000 21536330855145144.0000000000 0.0115279920
21517643122814980723432228641361100800.0000000000 21536330855145132.0000000000 0.0124118047
21517643122814961833966297162780246016.0000000000 21536330855145112.0000000000 0.0133633764
21517643122814942944500365684199391232.0000000000 21536330855145096.0000000000 0.0143879019
21517643122814919332667951335973322752.0000000000 21536330855145076.0000000000 0.0154909744
21517643122814890998469054118102040576.0000000000 21536330855145048.0000000000 0.0166786157
21517643122814862664270156900230758400.0000000000 21536330855145024.0000000000 0.0179573096
21517643122814829607704776812714262528.0000000000 21536330855144992.0000000000 0.0193340367
21517643122814787106406430985907339264.0000000000 21536330855144952.0000000000 0.0208163128
21517643122814739882741602289455202304.0000000000 21536330855144912.0000000000 0.0224122302
21517643122814683214343807853712637952.0000000000 21536330855144860.0000000000 0.0241305011
21517643122814617101213047678679646208.0000000000 21536330855144800.0000000000 0.0259805062
21517643122814541543349321764356227072.0000000000 21536330855144728.0000000000 0.0279723450
21517643122814456540752630110742380544.0000000000 21536330855144652.0000000000 0.0301168915
21517643122814357371056489848192892928.0000000000 21536330855144560.0000000000 0.0324258532
21517643122814244034260900976707764224.0000000000 21536330855144456.0000000000 0.0349118352
21517643122814111807999380626641780736.0000000000 21536330855144336.0000000000 0.0375884093
21517643122813955969905445928349728768.0000000000 21536330855144192.0000000000 0.0404701873
21517643122813776519979096881831608320.0000000000 21536330855144032.0000000000 0.0435729017
21517643122813568735853850617442205696.0000000000 21536330855143840.0000000000 0.0469134908
21517643122813327895163224265536307200.0000000000 21536330855143620.0000000000 0.0505101918
21517643122813049275540734956468699136.0000000000 21536330855143368.0000000000 0.0543826398
21517643122812723432253416950948954112.0000000000 21536330855143068.0000000000 0.0585519755
21517643122812345642934787379331858432.0000000000 21536330855142720.0000000000 0.0630409603
21517643122811911185218363371972198400.0000000000 21536330855142328.0000000000 0.0678741006
21517643122811405892004696319934332928.0000000000 21536330855141864.0000000000 0.0730777817
21517643122810820318560820483927834624.0000000000 21536330855141328.0000000000 0.0786804116
21517643122810140297787287255017062400.0000000000 21536330855140704.0000000000 0.0847125765
21517643122809356384951130893911588864.0000000000 21536330855139992.0000000000 0.0912072073
21517643122808444968219937052385345536.0000000000 21536330855139156.0000000000 0.0981997599
21517643122807387158127774251857477632.0000000000 21536330855138188.0000000000 0.1057284082
21517643122806164065208711013747130368.0000000000 21536330855137072.0000000000 0.1138342528
21517643122804742632897367250537807872.0000000000 21536330855135772.0000000000 0.1225615455
21517643122803099249361328614003441664.0000000000 21536330855134268.0000000000 0.1319579307
21517643122801191413302249277337108480.0000000000 21536330855132524.0000000000 0.1420747053
21517643122798981345788266283377098752.0000000000 21536330855130504.0000000000 0.1529670994
21517643122796417100788068066026061824.0000000000 21536330855128160.0000000000 0.1646945770
21517643122793446732270343059186647040.0000000000 21536330855125444.0000000000 0.1773211613
21517643122790004127104331087825862656.0000000000 21536330855122296.0000000000 0.1909157837
21517643122786013727426306237620289536.0000000000 21536330855118648.0000000000 0.2055526604
21517643122781385808273093985310867456.0000000000 21536330855114416.0000000000 0.2213116977
21517643122776021199948554068348108800.0000000000 21536330855109512.0000000000 0.2382789279
21517643122769801843290614745601671168.0000000000 21536330855103824.0000000000 0.2565469790
21517643122762595512037755667005571072.0000000000 21536330855097236.0000000000 0.2762155807
21517643122754241645729559264622542848.0000000000 21536330855089600.0000000000 0.2973921086
21517643122744556072073193622289252352.0000000000 21536330855080744.0000000000 0.3201921702
21517643122733326284576929605971083264.0000000000 21536330855070476.0000000000 0.3447402366
21517643122720311442550140863762137088.0000000000 21536330855058576.0000000000 0.3711703214
21517643122705223481637372347304378368.0000000000 21536330855044784.0000000000 0.3996267127
21517643122687731836184823181432848384.0000000000 21536330855028792.0000000000 0.4302647607
21517643122667458716873863794530451456.0000000000 21536330855010256.0000000000 0.4632517257
21517643122643955498888621570301886464.0000000000 21536330854988768.0000000000 0.4987676913
21517643122616712166648946587064074240.0000000000 21536330854963856.0000000000 0.5370065477
21517643122585128979611514399874875392.0000000000 21536330854934984.0000000000 0.5781770497
21517643122548516472269826040533090304.0000000000 21536330854901508.0000000000 0.6225039568
21517643122506076564688276538997604352.0000000000 21536330854862704.0000000000 0.6702292601
21517643122456878950669740575161319424.0000000000 21536330854817724.0000000000 0.7216135034
21517643122399851653022606739560726528.0000000000 21536330854765584.0000000000 0.7769372054
21517643122333743244628914576214196224.0000000000 21536330854705144.0000000000 0.8365023911
21517643122257108681344905973686337536.0000000000 21536330854635080.0000000000 0.9006342411
21517643122168276245435645077571502080.0000000000 21536330854553856.0000000000 0.9696828662
21517643122065300321910189594041647104.0000000000 21536330854459712.0000000000 1.0440252193
21517643121945928341956210702329839616.0000000000 21536330854350568.0000000000 1.1240671528
21517643121807548836908681488632905728.0000000000 21536330854224052.0000000000 1.2102456345
21517643121647139492218565380014080000.0000000000 21536330854077392.0000000000 1.3030311332
21517643121461191589589090230079586304.0000000000 21536330853907384.0000000000 1.4029301868
21517643121245639171478505274300432384.0000000000 21536330853710304.0000000000 1.5104881677
21517643120995769316136906606753349632.0000000000 21536330853481852.0000000000 1.6262922606
21517643120706113523177131178280878080.0000000000 21536330853217024.0000000000 1.7509746673
21517643120370343821512133664296665088.0000000000 21536330852910036.0000000000 1.8852160585
21517643119981116931261051766493413376.0000000000 21536330852554168.0000000000 2.0297492897
21517643119529918425655271514550829056.0000000000 21536330852141648.0000000000 2.1853634019
21517643119006883281112078219617501184.0000000000 21536330851663440.0000000000 2.3529079294
21517643118400573926009961600985858048.0000000000 21536330851109104.0000000000 2.5332975374
21517643117697734677631506564541054976.0000000000 21536330850466504.0000000000 2.7275170153
21517643116882998955441455284757725184.0000000000 21536330849721608.0000000000 2.9366266533
21517643115938544548333457720599379968.0000000000 21536330848858104.0000000000 3.1617680301
21517643114843725270044407783191740416.0000000000 21536330847857128.0000000000 3.4041702459
21517643113574598722506156371301367808.0000000000 21536330846696784.0000000000 3.6651566316
21517643112103411557898878580007370752.0000000000 21536330845351696.0000000000 3.9461519736
21517643110397995015741266386114052096.0000000000 21536330843792456.0000000000 4.2486902918
21517643108421056567918098201368854528.0000000000 21536330841984972.0000000000 4.5744232146
21517643106129367671645185293485604864.0000000000 21536330839889712.0000000000 4.9251289948
21517643103472819296172797857101774848.0000000000 21536330837460872.0000000000 5.3027222182
21517643100393316889028673516798476288.0000000000 21536330834645324.0000000000 5.7092642556
21517643096823524226533574001473617920.0000000000 21536330831381512.0000000000 6.1469745161
21517643092685380590725664075744804864.0000000000 21536330827598068.0000000000 6.6182425633
21517643087888400717426678467672408064.0000000000 21536330823212256.0000000000 7.1256411611
21517643082327686679952633748124598272.0000000000 21536330818128176.0000000000 7.6719403184
21517643075881642263736119422493917184.0000000000 21536330812234648.0000000000 8.2601224115
21517643068409318996362925190087180288.0000000000 21536330805402812.0000000000 8.8933984656
21517643059747318275159278456865292288.0000000000 21536330797483268.0000000000 9.5752256844
21517643049706230702863760622952120320.0000000000 21536330788302848.0000000000 10.3093263241
21517643038066489849855347534136868864.0000000000 21536330777660800.0000000000 11.0997080139
21517643024573574329806813922336964608.0000000000 21536330765324416.0000000000 11.9506856343
21517643008932435407234947224245895168.0000000000 21536330751023948.0000000000 12.8669048739
21517642990801055689617913385261727744.0000000000 21536330734446688.0000000000 13.8533675904
21517642969782954731786942732532973568.0000000000 21536330715230136.0000000000 14.9154591175
21517642945418542382896195654572310528.0000000000 21536330692954104.0000000000 16.0589776646
21517642917175041256348318778370555904.0000000000 21536330667131472.0000000000 17.2901659707
21517642884434860263513619902880546816.0000000000 21536330637197592.0000000000 18.6157453848
21517642846482079200856095074415542272.0000000000 21536330602497908.0000000000 20.0429525597
21517642802486794105042715712765820928.0000000000 21536330562273648.0000000000 21.5795789584
21517642751486973920916243434287661056.0000000000 21536330515645240.0000000000 23.2340133900
21517642692367412914081080043185897472.0000000000 21536330461593072.0000000000 25.0152878057
21517642623835363259851660162211250176.0000000000 21536330398935196.0000000000 26.9331266072
21517642544392248068020062057830285312.0000000000 21536330326301488.0000000000 28.9979997341
21517642452300902326564340911378006016.0000000000 21536330242103688.0000000000 31.2211798223
21517642345547590908026808262604095488.0000000000 21536330144500660.0000000000 33.6148037442
21517642221797967779694789698409988096.0000000000 21536330031358148.0000000000 36.1919388670
21517642078346027221920803988088815616.0000000000 21536329900202088.0000000000 38.9666543913
21517641912054942020825172168088223744.0000000000 21536329748164524.0000000000 41.9540981580
21517641719288466372765853075636224000.0000000000 21536329571920888.0000000000 45.1705793456
21517641495831420677499884262632980480.0000000000 21536329367617304.0000000000 48.6336575059
21517641236797529833903697999660318720.0000000000 21536329130786320.0000000000 52.3622384269
21517640936522556086465781204795785216.0000000000 21536328856249200.0000000000 56.3766773455
21517640588440464409006384737173897216.0000000000 21536328538002716.0000000000 60.6988900732
21517640184939824784666423225328074752.0000000000 21536328169087848.0000000000 65.3524726413
21517639717197386566318183030569566208.0000000000 21536327741437616.0000000000 70.3628301200
21517639174985132026808234282846257152.0000000000 21536327245700696.0000000000 75.7573153138
21517638546446634527061690222712455168.0000000000 21536326671036928.0000000000 81.5653780905
21517637817837791151439697939806552064.0000000000 21536326004880272.0000000000 87.8187261604
21517636973226272415303682672870555648.0000000000 21536325232664024.0000000000 94.5514981818
21517635994143153289574054082335735808.0000000000 21536324337502320.0000000000 101.8004501397
21517634859179032807282779843421274112.0000000000 21536323299820836.0000000000 109.6051560148
21517633543515896429393551976810151936.0000000000 21536322096928824.0000000000 118.0082238390
21517632018384416966223924351045992448.0000000000 21536320702522904.0000000000 127.0555283177
21517630250434845636963901416809693184.0000000000 21536319086111864.0000000000 136.7964612885
21517628201007774792658241853730062336.0000000000 21536317212349972.0000000000 147.2842013861
21517625825288758757909066162808815616.0000000000 21536315040264016.0000000000 158.5760043858
21517623071328366117282610848836091904.0000000000 21536312522357368.0000000000 170.7335158115
21517619878906190846022520916009811968.0000000000 21536309603571380.0000000000 183.8231075182
21517616178214001526835717821515694080.0000000000 21536306220081380.0000000000 197.9162400870
21517611888329250551404235269135663104.0000000000 21536302297901036.0000000000 213.0898530145
21517606915445508951924305754771685376.0000000000 21536297751264472.0000000000 229.4267848305
21517601150821169570643926948165713920.0000000000 21536292480750792.0000000000 247.0162254411
21517594468401556085811646281285632000.0000000000 21536286371110000.0000000000 265.9542031723
21517586722062425749594237470993547264.0000000000 21536279288742796.0000000000 286.3441091796
21517577742414570662709989345907965952.0000000000 21536271078779040.0000000000 308.2972620948
21517567333099659618396516315813642240.0000000000 21536261561691124.0000000000 331.9335160029
21517555266496284706867047371752079360.0000000000 21536250529368040.0000000000 357.3819150810
21517541278742322589842779330653978624.0000000000 21536237740564416.0000000000 384.7813984897
21517525063964689062233905957659738112.0000000000 21536222915624864.0000000000 414.2815593839
21517506267590347769845391872824967168.0000000000 21536205730368324.0000000000 446.0434622141
21517484478592189166871497979876868096.0000000000 21536185808998580.0000000000 480.2405228084
21517459220500185365679760848462020608.0000000000 21536162715885888.0000000000 517.0594560825
21517429940981190983270699762477694976.0000000000 21536135946039952.0000000000 556.7012965964
21517395999759370518787890615343382528.0000000000 21536104914065716.0000000000 599.3824975943
21517356654612998078429987045344542720.0000000000 21536068941360464.0000000000 645.3361146001
21517311045141176197225346054550978560.0000000000 21536027241271936.0000000000 694.8130801278
21517258173945219571895940441173917696.0000000000 21535978901892776.0000000000 748.0835765828
21517196884812828344907633329113661440.0000000000 21535922866114592.0000000000 805.4385149983
21517125837427473294927724704591511552.0000000000 21535857908505124.0000000000 867.1911278633
21517043478049238795175509622817554432.0000000000 21535782608502168.0000000000 933.6786849691
21516948005525131983419168426827972608.0000000000 21535695319337272.0000000000 1005.2643419304
21516837331884235396600103321196298240.0000000000 21535594132008448.0000000000 1082.3391318302
21516709036654454477016150155554979840.0000000000 21535476833512648.0000000000 1165.3241113120
21516560313899501026837088628943880192.0000000000 21535340858422408.0000000000 1254.6726733948
21516387910814986584877428289132560384.0000000000 21535183232745136.0000000000 1350.8730403374
21516188056536698190282941510130335744.0000000000 21535000508833560.0000000000 1454.4509510332
21515956379598774919069110200417910784.0000000000 21534788689918888.0000000000 1565.9725586993
21515687812229345659752599278529282048.0000000000 21534543142609696.0000000000 1686.0475560400
21515376479380791389819283989841575936.0000000000 21534258495433872.0000000000 1815.3325466452
21515015570054514355832842337977892864.0000000000 21533928521192704.0000000000 1954.5346831559
21514597188088286535270712310493085696.0000000000 21533546000537868.0000000000 2104.4155947084
21514112179118838901665713603039199232.0000000000 21533102563765800.0000000000 2265.7956284135
21513549929902966287168980578461548544.0000000000 21532588507339864.0000000000 2439.5584321662
21512898135564659103849031548926951424.0000000000 21531992581087696.0000000000 2626.6559089776
21512142529619059623936673415102988288.0000000000 21531301741366004.0000000000 2828.1135763417
21511266570789640863000720213954002944.0000000000 21530500864721964.0000000000 3045.0363679769
21510251079662425288159534955668439040.0000000000 21529572415691368.0000000000 3278.6149197221
21509073817087088154634881964357713920.0000000000 21528496061336772.0000000000 3530.1323865412
21507708994910709547655171463924678656.0000000000 21527248223918368.0000000000 3800.9718436675
21506126708082901391660048117783330816.0000000000 21525801561675800.0000000000 4092.6243320810
21504292275360721219916679608086298624.0000000000 21524124366044096.0000000000 4406.6976170283
21502165473720662756379957147706851328.0000000000 21522179861687472.0000000000 4744.9257384441
21499699649095603703084637734886703104.0000000000 21519925393458844.0000000000 5109.1794443363
21496840683127380315919396808654061568.0000000000 21517311481716468.0000000000 5501.4776129161
21493525792176564654073325709808369664.0000000000 21514280724275720.0000000000 5923.9997871229
21489682130756855373747416379894530048.0000000000 21510766519549132.0000000000 6379.0999669942
21485225166735999414601023204716707840.0000000000 21506691581015776.0000000000 6869.3218320643
21480056789911566775357872347765800960.0000000000 21501966207919152.0000000000 7397.4155989163
21474063108733647016300155809296285696.0000000000 21496486270842200.0000000000 7966.3567598201
21467111881762835572026569859390242816.0000000000 21490130863326028.0000000000 8579.3669991760
21459049520611339845349147752368439296.0000000000 21482759561701800.0000000000 9239.9376480248
21449697589223351225967745099297193984.0000000000 21474209224432784.0000000000 9951.8561167815
21438848709899797444169563215778283520.0000000000 21464290249051248.0000000000 10719.2358473544
21426261768802986558711470180446240768.0000000000 21452782188619880.0000000000 11546.5504542156
21411656291923285181195587796741390336.0000000000 21439428609758440.0000000000 12438.6728881790
21394705835506442291628702944146227200.0000000000 21423931049605896.0000000000 13400.9206679440
21375030201190715397569496615221198848.0000000000 21405941898231520.0000000000 14439.1084982139
21352186243506780378433442969523585024.0000000000 21385055994063348.0000000000 15559.6099505068
21325656983095608202291152850545278976.0000000000 21360800670258848.0000000000 16769.4303528755
21294838669033117676424518990074740736.0000000000 21332623925973144.0000000000 18076.2936586997
21259025342424006851718737455986245632.0000000000 21299880313073384.0000000000 19488.7469008516
21217390332939930427745719860582154240.0000000000 21261814018687944.0000000000 21016.2869698990
21168963958589650099650201048577998848.0000000000 21217538476424832.0000000000 22669.5160064497
21112606479480603974253695464432992256.0000000000 21166011638382272.0000000000 24460.3338506775
21046975052614739799203521259638882304.0000000000 21106005762390624.0000000000 26402.1790221111
20970483006634365381995448867510812672.0000000000 21036070177494284.0000000000 28510.3340341497
20881249139270155525264924646234390528.0000000000 20954484927332720.0000000000 30802.3171470998
20777033832664855304051495312897867776.0000000000 20859202361293588.0000000000 33298.3920022067
20655157409707696372761942771672023040.0000000000 20747772488875616.0000000000 36022.2407229036
20512394018556535848632157857199947776.0000000000 20617245959823124.0000000000 39001.8680110145
20344830894704461366352225785490702336.0000000000 20464045389444084.0000000000 42270.8387391500
20147677102283844079857428608092995584.0000000000 20283790493516664.0000000000 45870.0090327647
19914995817127920776333326529933082624.0000000000 20071053318516960.0000000000 49850.0087542572
19639315765972254845056698560202932224.0000000000 19819002986031784.0000000000 54274.9070749852
19311041453062771607541384041488973824.0000000000 19518866471371680.0000000000 59227.8164774973
18917506445065782897690041311777783808.0000000000 19159063035488720.0000000000 64819.8290826823
18441341846167235943001432573771513856.0000000000 18723712545067192.0000000000 71205.0301594784
17857393573086090073291711324239167488.0000000000 18189816981107288.0000000000 78607.4503128732
17126162905903284735026331052375277568.0000000000 17521263228254436.0000000000 87373.8454761549
16176953067639189895416210053222367232.0000000000 16653414233270120.0000000000 98089.6976200959
14851779070961108135604522665197436928.0000000000 15441826579164444.0000000000 111886.0373417424
12588271538458081111083387698991333376.0000000000 13372333978018820.0000000000 131501.2025056202
-2998416616719942693917461257315789307904.0000000000 -63621102879979432050688.0000000000 167754.0668443414
