21316827948487152611885056.0000000000 112116669.3905999660 0.0000000000
21316827948487152611885056.0000000000 112116669.3905999660 0.0000000000
21316827948487152611885056.0000000000 112116669.3905999660 0.0000000000
21316827948487152611885056.0000000000 112116669.3905999660 0.0000000000
21316827948487152611885056.0000000000 112116669.3905999660 0.0000000000
21316827948487152611885056.0000000000 112116669.3905999660 0.0000000000
21316827948487152611885056.0000000000 112116669.3905999660 0.0000000000
21316827948487152611885056.0000000000 112116669.3905999660 0.0000000000
21316827948487152611885056.0000000000 112116669.3905999660 0.0000000000
21316827948487152611885056.0000000000 112116669.3905999660 0.0000000000
21316827948487152611885056.0000000000 112116669.3905999660 0.0000000000
21316827948487152611885056.0000000000 112116669.3905999660 0.0000000000
21316827948487152611885056.0000000000 112116669.3905999660 0.0000000000
21316827948487152611885056.0000000000 112116669.3905999660 0.0000000000
21316827948487152611885056.0000000000 112116669.3905999660 0.0000000000
21316827948487152611885056.0000000000 112116669.3905999660 0.0000000000
21316827948487152611885056.0000000000 112116669.3905999660 0.0000000000
21316827948487152611885056.0000000000 112116669.3905999660 0.0000000000
21316827948487152611885056.0000000000 112116669.3905999660 0.0000000000
21316827948487152611885056.0000000000 112116669.3905999660 0.0000000000
21316827948487152611885056.0000000000 112116669.3905999660 0.0000000000
21316827948487152611885056.0000000000 112116669.3905999660 0.0000000000
21316827948487152611885056.0000000000 112116669.3905999660 0.0000000000
21316827948487152611885056.0000000000 112116669.3905999660 0.0000000000
21316827948487152611885056.0000000000 112116669.3905999660 0.0000000000
21316827948487152611885056.0000000000 112116669.3905999660 0.0000000000
21316827948487152611885056.0000000000 112116669.3905999660 0.0000000000
21316827948487152611885056.0000000000 112116669.3905999660 0.0000000000
21316827948487152611885056.0000000000 112116669.3905999660 0.0000000000
21316827948487152611885056.0000000000 112116669.3905999660 0.0000000000
21316827948487152611885056.0000000000 112116669.3905999660 0.0000000000
21316827948487152611885056.0000000000 112116669.3905999660 0.0000000000
21316827948487152611885056.0000000000 112116669.3905999660 0.0000000000
21316827948487152611885056.0000000000 112116669.3905999660 0.0000000000
21316827948487152611885056.0000000000 112116669.3905999660 0.0000000000
21316827948487152611885056.0000000000 112116669.3905999660 0.0000000000
21316827948487152611885056.0000000000 112116669.3905999660 0.0000000000
21316827948487152611885056.0000000000 112116669.3905999660 0.0000000000
21316827948487152611885056.0000000000 112116669.3905999660 0.0000000000
21316827948487152611885056.0000000000 112116669.3905999660 0.0000000000
21316827948487152611885056.0000000000 112116669.3905999660 0.0000000000
21316827948487152611885056.0000000000 112116669.3905999660 0.0000000000
21316827948487152611885056.0000000000 112116669.3905999660 0.0000000000
21316827948487152611885056.0000000000 112116669.3905999660 0.0000000000
21316827948487152611885056.0000000000 112116669.3905999660 0.0000000000
21316827948487152611885056.0000000000 112116669.3905999660 0.0000000000
21316827948487152611885056.0000000000 112116669.3905999660 0.0000000000
21316827948487152611885056.0000000000 112116669.3905999660 0.0000000000
21316827948487152611885056.0000000000 112116669.3905999660 0.0000000000
21316827948487152611885056.0000000000 112116669.3905999660 0.0000000000
21316827948487152611885056.0000000000 112116669.3905999660 0.0000000000
21316827948487152611885056.0000000000 112116669.3905999660 0.0000000000
21316827948487152611885056.0000000000 112116669.3905999660 0.0000000000
21316827948487152611885056.0000000000 112116669.3905999660 0.0000000000
21316827948487152611885056.0000000000 112116669.3905999660 0.0000000000
21316827948487152611885056.0000000000 112116669.3905999660 0.0000000000
21316827948487152611885056.0000000000 112116669.3905999660 0.0000000000
21316827948487152611885056.0000000000 112116669.3905999660 0.0000000000
21316827948487152611885056.0000000000 112116669.3905999660 0.0000000000
21316827948487152611885056.0000000000 112116669.3905999660 0.0000000000
21316827948487152611885056.0000000000 112116669.3905999660 0.0000000000
21316827948487152611885056.0000000000 112116669.3905999660 0.0000000000
21316827948487152611885056.0000000000 112116669.3905999660 0.0000000000
21316827948487152611885056.0000000000 112116669.3905999660 0.0000000000
21316827948487152611885056.0000000000 112116669.3905999660 0.0000000000
21316827948487152611885056.0000000000 112116669.3905999660 0.0000000000
21316827948487152611885056.0000000000 112116669.3905999660 0.0000000000
21316827948487152611885056.0000000000 112116669.3905999660 0.0000000000
21316827948487152611885056.0000000000 112116669.3905999660 0.0000000000
21316827948487152611885056.0000000000 112116669.3905999660 0.0000000000
21316827948487152611885056.0000000000 112116669.3905999660 0.0000000000
21316827948487152611885056.0000000000 112116669.3905999660 0.0000000000
21316827948487152611885056.0000000000 112116669.3905999660 0.0000000000
21316827948487152611885056.0000000000 112116669.3905999660 0.0000000000
21316827948487152611885056.0000000000 112116669.3905999660 0.0000000000
21316827948487152611885056.0000000000 112116669.3905999660 0.0000000000
21316827948487152611885056.0000000000 112116669.3905999660 0.0000000000
21316827948487152611885056.0000000000 112116669.3905999660 0.0000000000
21316827948487152611885056.0000000000 112116669.3905999660 0.0000000000
21316827948487152611885056.0000000000 112116669.3905999660 0.0000000000
21316827948487152611885056.0000000000 112116669.3905999660 0.0000000000
21316827948487152611885056.0000000000 112116669.3905999660 0.0000000000
21316827948487152611885056.0000000000 112116669.3905999660 0.0000000000
21316827948487152611885056.0000000000 112116669.3905999660 0.0000000000
21316827948487152611885056.0000000000 112116669.3905999660 0.0000000000
21316827948487152611885056.0000000000 112116669.3905999660 0.0000000000
21316827948487152611885056.0000000000 112116669.3905999660 0.0000000000
21316827948487152611885056.0000000000 112116669.3905999660 0.0000000000
21316827948487152611885056.0000000000 112116669.3905999660 0.0000000000
21316827948487152611885056.0000000000 112116669.3905999660 0.0000000000
21316827948487152611885056.0000000000 112116669.3905999660 0.0000000000
21316827948487152611885056.0000000000 112116669.3905999660 0.0000000000
21316827948487152611885056.0000000000 112116669.3905999660 0.0000000000
21316827948487152611885056.0000000000 112116669.3905999660 0.0000000000
21316827948487152611885056.0000000000 112116669.3905999660 0.0000000000
21316827948487152611885056.0000000000 112116669.3905999660 0.0000000000
21316827948487152611885056.0000000000 112116669.3905999660 0.0000000000
21316827948487152611885056.0000000000 112116669.3905999660 0.0000000000
21316827948487152611885056.0000000000 112116669.3905999660 0.0000000000
21316827948487152611885056.0000000000 112116669.3905999660 0.0000000000
21316827948487152611885056.0000000000 112116669.3905999660 0.0000000000
21316827948487152611885056.0000000000 112116669.3905999660 0.0000000000
21316827948487152611885056.0000000000 112116669.3905999660 0.0000000000
21316827948487152611885056.0000000000 112116669.3905999660 0.0000000000
21316827948487152611885056.0000000000 112116669.3905999660 0.0000000000
21316827948487152611885056.0000000000 112116669.3905999660 0.0000000000
21316827948487152611885056.0000000000 112116669.3905999660 0.0000000000
21316827948487152611885056.0000000000 112116669.3905999660 0.0000000000
21316827948487152611885056.0000000000 112116669.3905999660 0.0000000000
21316827948487152611885056.0000000000 112116669.3905999660 0.0000000000
21316827948487152611885056.0000000000 112116669.3905999660 0.0000000000
21316827948487152611885056.0000000000 112116669.3905999660 0.0000000000
21316827948487152611885056.0000000000 112116669.3905999660 0.0000000000
21316827948487152611885056.0000000000 112116669.3905999660 0.0000000000
21316827948487152611885056.0000000000 112116669.3905999660 0.0000000000
21316827948487152611885056.0000000000 112116669.3905999660 0.0000000000
21316827948487152611885056.0000000000 112116669.3905999660 0.0000000000
21316827948487152611885056.0000000000 112116669.3905999660 0.0000000000
21316827948487152611885056.0000000000 112116669.3905999660 0.0000000000
21316827948487152611885056.0000000000 112116669.3905999660 0.0000000000
21316827948487152611885056.0000000000 112116669.3905999660 0.0000000000
21316827948487152611885056.0000000000 112116669.3905999660 0.0000000000
21316827948487152611885056.0000000000 112116669.3905999660 0.0000000000
21316827948487152611885056.0000000000 112116669.3905999660 0.0000000000
21316827948487152611885056.0000000000 112116669.3905999660 0.0000000000
21316827948487152611885056.0000000000 112116669.3905999660 0.0000000000
21316827948487152611885056.0000000000 112116669.3905999660 0.0000000000
21316827948487152611885056.0000000000 112116669.3905999660 0.0000000000
21316827948487152611885056.0000000000 112116669.3905999660 0.0000000000
21316827948487152611885056.0000000000 112116669.3905999660 0.0000000000
21316827948487152611885056.0000000000 112116669.3905999660 0.0000000000
21316827948487152611885056.0000000000 112116669.3905999660 0.0000000000
21316827948487152611885056.0000000000 112116669.3905999660 0.0000000000
21316827948487152611885056.0000000000 112116669.3905999660 0.0000000000
21316827948487152611885056.0000000000 112116669.3905999660 0.0000000000
21316827948487152611885056.0000000000 112116669.3905999660 0.0000000000
21316827948487152611885056.0000000000 112116669.3905999660 0.0000000000
21316827948487152611885056.0000000000 112116669.3905999660 0.0000000000
21316827948487152611885056.0000000000 112116669.3905999660 0.0000000000
21316827948487152611885056.0000000000 112116669.3905999660 0.0000000000
21316827948487152611885056.0000000000 112116669.3905999660 0.0000000000
21316827948487152611885056.0000000000 112116669.3905999660 0.0000000000
21316827948487152611885056.0000000000 112116669.3905999660 0.0000000000
21316827948487152611885056.0000000000 112116669.3905999660 0.0000000000
21316827948487152611885056.0000000000 112116669.3905999660 0.0000000000
21316827948487152611885056.0000000000 112116669.3905999660 0.0000000000
21316827948487152611885056.0000000000 112116669.3905999660 0.0000000000
21316827948487152611885056.0000000000 112116669.3905999660 0.0000000000
21316827948487152611885056.0000000000 112116669.3905999660 0.0000000000
21316827948487152611885056.0000000000 112116669.3905999660 0.0000000000
21316827948487152611885056.0000000000 112116669.3905999660 0.0000000000
21316827948487152611885056.0000000000 112116669.3905999660 0.0000000000
21316827948487152611885056.0000000000 112116669.3905999660 0.0000000000
21316827948487152611885056.0000000000 112116669.3905999660 0.0000000000
21316827948487152611885056.0000000000 112116669.3905999660 0.0000000000
21316827948487152611885056.0000000000 112116669.3905999660 0.0000000000
21316827948487152611885056.0000000000 112116669.3905999660 0.0000000000
21316827948487152611885056.0000000000 112116669.3905999660 0.0000000000
21316827948487152611885056.0000000000 112116669.3905999660 0.0000000000
21316827948487152611885056.0000000000 112116669.3905999660 0.0000000000
21316827948487152611885056.0000000000 112116669.3905999660 0.0000000000
21316827948487152611885056.0000000000 112116669.3905999660 0.0000000000
21316827948487152611885056.0000000000 112116669.3905999660 0.0000000000
21316827948487152611885056.0000000000 112116669.3905999660 0.0000000000
21316827948487152611885056.0000000000 112116669.3905999660 0.0000000000
21316827948487152611885056.0000000000 112116669.3905999660 0.0000000000
21316827948487152611885056.0000000000 112116669.3905999660 0.0000000000
21316827948487152611885056.0000000000 112116669.3905999660 0.0000000000
21316827948487152611885056.0000000000 112116669.3905999660 0.0000000000
21316827948487152611885056.0000000000 112116669.3905999660 0.0000000000
21316827948487152611885056.0000000000 112116669.3905999660 0.0000000000
21316827948487152611885056.0000000000 112116669.3905999660 0.0000000000
21316827948487152611885056.0000000000 112116669.3905999660 0.0000000000
21316827948487152611885056.0000000000 112116669.3905999660 0.0000000000
21316827948487152611885056.0000000000 112116669.3905999660 0.0000000000
21316827948487152611885056.0000000000 112116669.3905999660 0.0000000000
21316827948487152611885056.0000000000 112116669.3905999660 0.0000000000
21316827948487152611885056.0000000000 112116669.3905999660 0.0000000000
21316827948487152611885056.0000000000 112116669.3905999660 0.0000000000
21316827948487152611885056.0000000000 112116669.3905999660 0.0000000000
21316827948487152611885056.0000000000 112116669.3905999660 0.0000000000
21316827948487152611885056.0000000000 112116669.3905999660 0.0000000000
21316827948487152611885056.0000000000 112116669.3905999660 0.0000000000
21316827948487152611885056.0000000000 112116669.3905999660 0.0000000000
21316827948487152611885056.0000000000 112116669.3905999660 0.0000000000
21316827948487152611885056.0000000000 112116669.3905999660 0.0000000000
21316827948487152611885056.0000000000 112116669.3905999660 0.0000000000
21316827948487152611885056.0000000000 112116669.3905999660 0.0000000000
21316827948487152611885056.0000000000 112116669.3905999660 0.0000000000
21316827948487152611885056.0000000000 112116669.3905999660 0.0000000000
21316827948487152611885056.0000000000 112116669.3905999660 0.0000000000
21316827948487152611885056.0000000000 112116669.3905999660 0.0000000000
21316827948487152611885056.0000000000 112116669.3905999660 0.0000000000
21316827948487152611885056.0000000000 112116669.3905999660 0.0000000000
21316827948487152611885056.0000000000 112116669.3905999660 0.0000000000
21316827948487152611885056.0000000000 112116669.3905999660 0.0000000000
21316827948487152611885056.0000000000 112116669.3905999660 0.0000000000
21316827948487152611885056.0000000000 112116669.3905999660 0.0000000000
21316827948487152611885056.0000000000 112116669.3905999660 0.0000000000
21316827948487152611885056.0000000000 112116669.3905999660 0.0000000000
21316827948487152611885056.0000000000 112116669.3905999660 0.0000000000
21316827948487152611885056.0000000000 112116669.3905999660 0.0000000000
21316827948487152611885056.0000000000 112116669.3905999660 0.0000000000
21316827948487152611885056.0000000000 112116669.3905999660 0.0000000000
21316827948487152611885056.0000000000 112116669.3905999660 0.0000000000
21316827948487152611885056.0000000000 112116669.3905999660 0.0000000000
21316827948487152611885056.0000000000 112116669.3905999660 0.0000000000
21316827948487152611885056.0000000000 112116669.3905999660 0.0000000000
21316827948487152611885056.0000000000 112116669.3905999660 0.0000000000
21316827948487152611885056.0000000000 112116669.3905999660 0.0000000000
21316827948487152611885056.0000000000 112116669.3905999660 0.0000000000
21316827948487152611885056.0000000000 112116669.3905999660 0.0000000000
21316827948487152611885056.0000000000 112116669.3905999660 0.0000000000
21316827948487152611885056.0000000000 112116669.3905999660 0.0000000000
21316827948487152611885056.0000000000 112116669.3905999660 0.0000000000
21316827948487152611885056.0000000000 112116669.3905999660 0.0000000000
21316827948487152611885056.0000000000 112116669.3905999660 0.0000000000
21316827948487152611885056.0000000000 112116669.3905999660 0.0000000000
21316827948487152611885056.0000000000 112116669.3905999660 0.0000000000
21316827948487152611885056.0000000000 112116669.3905999660 0.0000000000
21316827948487152611885056.0000000000 112116669.3905999660 0.0000000000
21316827948487152611885056.0000000000 112116669.3905999660 0.0000000000
21316827948487152611885056.0000000000 112116669.3905999660 0.0000000000
21316827948487152611885056.0000000000 112116669.3905999660 0.0000000000
21316827948487152611885056.0000000000 112116669.3905999660 0.0000000000
21316827948487152611885056.0000000000 112116669.3905999660 0.0000000000
21316827948487152611885056.0000000000 112116669.3905999660 0.0000000000
21316827948487152611885056.0000000000 112116669.3905999660 0.0000000000
21316827948487152611885056.0000000000 112116669.3905999660 0.0000000000
21316827948487152611885056.0000000000 112116669.3905999660 0.0000000000
21316827948487152611885056.0000000000 112116669.3905999660 0.0000000000
21316827948487152611885056.0000000000 112116669.3905999660 0.0000000000
21316827948487152611885056.0000000000 112116669.3905999660 0.0000000000
21316827948487152611885056.0000000000 112116669.3905999660 0.0000000000
21316827948487152611885056.0000000000 112116669.3905999660 0.0000000000
21316827948487152611885056.0000000000 112116669.3905999660 0.0000000000
21316827948487152611885056.0000000000 112116669.3905999660 0.0000000000
21316827948487152611885056.0000000000 112116669.3905999660 0.0000000000
21316827948487152611885056.0000000000 112116669.3905999660 0.0000000000
21316827948487152611885056.0000000000 112116669.3905999660 0.0000000000
21316827948487152611885056.0000000000 112116669.3905999660 0.0000000000
21316827948487152611885056.0000000000 112116669.3905999660 0.0000000000
21316827948487152611885056.0000000000 112116669.3905999660 0.0000000000
21316827948487152611885056.0000000000 112116669.3905999660 0.0000000000
21316827948487152611885056.0000000000 112116669.3905999660 0.0000000000
21316827948487152611885056.0000000000 112116669.3905999660 0.0000000000
21316827948487152611885056.0000000000 112116669.3905999660 0.0000000000
21316827948487152611885056.0000000000 112116669.3905999660 0.0000000000
21316827948487152611885056.0000000000 112116669.3905999660 0.0000000000
21316827948487152611885056.0000000000 112116669.3905999660 0.0000000000
21316827948487152611885056.0000000000 112116669.3905999660 0.0000000000
21316827948487152611885056.0000000000 112116669.3905999660 0.0000000000
21316827948487152611885056.0000000000 112116669.3905999660 0.0000000000
21316827948487152611885056.0000000000 112116669.3905999660 0.0000000000
21316827948487152611885056.0000000000 112116669.3905999660 0.0000000000
21316827948487152611885056.0000000000 112116669.3905999660 0.0000000000
21316827948487152611885056.0000000000 112116669.3905999660 0.0000000000
21316827948487152611885056.0000000000 112116669.3905999660 0.0000000000
21316827948487152611885056.0000000000 112116669.3905999660 0.0000000000
21316827948487152611885056.0000000000 112116669.3905999660 0.0000000000
21316827948487152611885056.0000000000 112116669.3905999660 0.0000000000
21316827948487152611885056.0000000000 112116669.3905999660 0.0000000000
21316827948487152611885056.0000000000 112116669.3905999660 0.0000000000
21316827948487152611885056.0000000000 112116669.3905999660 0.0000000000
21316827948487152611885056.0000000000 112116669.3905999660 0.0000000000
21316827948487152611885056.0000000000 112116669.3905999660 0.0000000000
21316827948487152611885056.0000000000 112116669.3905999660 0.0000000000
21316827948487152611885056.0000000000 112116669.3905999660 0.0000000000
21316827948487152611885056.0000000000 112116669.3905999660 0.0000000000
21316827948487152611885056.0000000000 112116669.3905999660 0.0000000000
21316827948487152611885056.0000000000 112116669.3905999660 0.0000000000
21316827948487152611885056.0000000000 112116669.3905999660 0.0000000000
21316827948487152611885056.0000000000 112116669.3905999660 0.0000000000
21316827948487152611885056.0000000000 112116669.3905999660 0.0000000000
21316827948487152611885056.0000000000 112116669.3905999660 0.0000000000
21316827948487152611885056.0000000000 112116669.3905999660 0.0000000000
21316827948487152611885056.0000000000 112116669.3905999660 0.0000000000
21316827948487152611885056.0000000000 112116669.3905999660 0.0000000000
21316827948487152611885056.0000000000 112116669.3905999660 0.0000000000
21316827948487152611885056.0000000000 112116669.3905999660 0.0000000000
21316827948487152611885056.0000000000 112116669.3905999660 0.0000000000
21316827948487152611885056.0000000000 112116669.3905999660 0.0000000000
21316827948487152611885056.0000000000 112116669.3905999660 0.0000000000
21316827948487152611885056.0000000000 112116669.3905999660 0.0000000000
21316827948487152611885056.0000000000 112116669.3905999660 0.0000000000
21316827948487152611885056.0000000000 112116669.3905999660 0.0000000000
21316827948487152611885056.0000000000 112116669.3905999660 0.0000000000
21316827948487152611885056.0000000000 112116669.3905999660 0.0000000000
21316827948487152611885056.0000000000 112116669.3905999660 0.0000000000
21316827948487152611885056.0000000000 112116669.3905999660 0.0000000000
21316827948487152611885056.0000000000 112116669.3905999660 0.0000000000
21316827948487152611885056.0000000000 112116669.3905999660 0.0000000000
21316827948487152611885056.0000000000 112116669.3905999660 0.0000000000
21316827948487152611885056.0000000000 112116669.3905999660 0.0000000000
21316827948487152611885056.0000000000 112116669.3905999660 0.0000000000
21316827948487152611885056.0000000000 112116669.3905999660 0.0000000000
21316827948487152611885056.0000000000 112116669.3905999660 0.0000000000
21316827948487152611885056.0000000000 112116669.3905999660 0.0000000000
21316827948487152611885056.0000000000 112116669.3905999660 0.0000000000
21316827948487152611885056.0000000000 112116669.3905999660 0.0000000000
21316827948487152611885056.0000000000 112116669.3905999660 0.0000000000
21316827948487152611885056.0000000000 112116669.3905999660 0.0000000000
21316827948487152611885056.0000000000 112116669.3905999660 0.0000000000
21316827948487152611885056.0000000000 112116669.3905999660 0.0000000000
21316827948487152611885056.0000000000 112116669.3905999660 0.0000000001
21316827948487152611885056.0000000000 112116669.3905999660 0.0000000001
21316827948487152611885056.0000000000 112116669.3905999660 0.0000000001
21316827948487152611885056.0000000000 112116669.3905999660 0.0000000001
21316827948487152611885056.0000000000 112116669.3905999660 0.0000000001
21316827948487152611885056.0000000000 112116669.3905999660 0.0000000001
21316827948487152611885056.0000000000 112116669.3905999660 0.0000000001
21316827948487152611885056.0000000000 112116669.3905999660 0.0000000001
21316827948487152611885056.0000000000 112116669.3905999660 0.0000000001
21316827948487152611885056.0000000000 112116669.3905999660 0.0000000001
21316827948487152611885056.0000000000 112116669.3905999660 0.0000000001
21316827948487152611885056.0000000000 112116669.3905999660 0.0000000001
21316827948487152611885056.0000000000 112116669.3905999660 0.0000000001
21316827948487152611885056.0000000000 112116669.3905999660 0.0000000001
21316827948487152611885056.0000000000 112116669.3905999660 0.0000000001
21316827948487152611885056.0000000000 112116669.3905999660 0.0000000002
21316827948487152611885056.0000000000 112116669.3905999660 0.0000000002
21316827948487152611885056.0000000000 112116669.3905999660 0.0000000002
21316827948487152611885056.0000000000 112116669.3905999660 0.0000000002
21316827948487152611885056.0000000000 112116669.3905999660 0.0000000002
21316827948487152611885056.0000000000 112116669.3905999660 0.0000000002
21316827948487152611885056.0000000000 112116669.3905999660 0.0000000002
21316827948487152611885056.0000000000 112116669.3905999660 0.0000000003
21316827948487152611885056.0000000000 112116669.3905999660 0.0000000003
21316827948487152611885056.0000000000 112116669.3905999660 0.0000000003
21316827948487152611885056.0000000000 112116669.3905999660 0.0000000003
21316827948487152611885056.0000000000 112116669.3905999660 0.0000000004
21316827948487152611885056.0000000000 112116669.3905999660 0.0000000004
21316827948487152611885056.0000000000 112116669.3905999660 0.0000000004
21316827948487152611885056.0000000000 112116669.3905999660 0.0000000004
21316827948487152611885056.0000000000 112116669.3905999660 0.0000000005
21316827948487152611885056.0000000000 112116669.3905999660 0.0000000005
21316827948487152611885056.0000000000 112116669.3905999660 0.0000000006
21316827948487152611885056.0000000000 112116669.3905999660 0.0000000006
21316827948487152611885056.0000000000 112116669.3905999660 0.0000000006
21316827948487152611885056.0000000000 112116669.3905999660 0.0000000007
21316827948487152611885056.0000000000 112116669.3905999660 0.0000000008
21316827948487152611885056.0000000000 112116669.3905999660 0.0000000008
21316827948487152611885056.0000000000 112116669.3905999660 0.0000000009
21316827948487152611885056.0000000000 112116669.3905999660 0.0000000009
21316827948487152611885056.0000000000 112116669.3905999660 0.0000000010
21316827948487152611885056.0000000000 112116669.3905999660 0.0000000011
21316827948487152611885056.0000000000 112116669.3905999660 0.0000000012
21316827948487152611885056.0000000000 112116669.3905999660 0.0000000013
21316827948487152611885056.0000000000 112116669.3905999660 0.0000000014
21316827948487152611885056.0000000000 112116669.3905999660 0.0000000015
21316827948487152611885056.0000000000 112116669.3905999660 0.0000000016
21316827948487152611885056.0000000000 112116669.3905999660 0.0000000017
21316827948487152611885056.0000000000 112116669.3905999660 0.0000000018
21316827948487152611885056.0000000000 112116669.3905999660 0.0000000020
21316827948487152611885056.0000000000 112116669.3905999660 0.0000000021
21316827948487152611885056.0000000000 112116669.3905999660 0.0000000023
21316827948487152611885056.0000000000 112116669.3905999660 0.0000000024
21316827948487152611885056.0000000000 112116669.3905999660 0.0000000026
21316827948487152611885056.0000000000 112116669.3905999660 0.0000000028
21316827948487152611885056.0000000000 112116669.3905999660 0.0000000031
21316827948487152611885056.0000000000 112116669.3905999660 0.0000000033
21316827948487152611885056.0000000000 112116669.3905999660 0.0000000035
21316827948487152611885056.0000000000 112116669.3905999660 0.0000000038
21316827948487152611885056.0000000000 112116669.3905999660 0.0000000041
21316827948487152611885056.0000000000 112116669.3905999660 0.0000000044
21316827948487152611885056.0000000000 112116669.3905999660 0.0000000048
21316827948487152611885056.0000000000 112116669.3905999660 0.0000000051
21316827948487152611885056.0000000000 112116669.3905999660 0.0000000055
21316827948487152611885056.0000000000 112116669.3905999660 0.0000000059
21316827948487152611885056.0000000000 112116669.3905999660 0.0000000064
21316827948487152611885056.0000000000 112116669.3905999660 0.0000000069
21316827948487152611885056.0000000000 112116669.3905999660 0.0000000074
21316827948487152611885056.0000000000 112116669.3905999660 0.0000000080
21316827948487152611885056.0000000000 112116669.3905999660 0.0000000086
21316827948487152611885056.0000000000 112116669.3905999660 0.0000000093
21316827948487152611885056.0000000000 112116669.3905999660 0.0000000100
21316827948487152611885056.0000000000 112116669.3905999660 0.0000000107
21316827948487152611885056.0000000000 112116669.3905999660 0.0000000115
21316827948487152611885056.0000000000 112116669.3905999660 0.0000000124
21316827948487152611885056.0000000000 112116669.3905999660 0.0000000134
21316827948487152611885056.0000000000 112116669.3905999660 0.0000000144
21316827948487152611885056.0000000000 112116669.3905999660 0.0000000155
21316827948487152611885056.0000000000 112116669.3905999660 0.0000000167
21316827948487152611885056.0000000000 112116669.3905999660 0.0000000180
21316827948487152611885056.0000000000 112116669.3905999660 0.0000000194
21316827948487152611885056.0000000000 112116669.3905999660 0.0000000209
21316827948487152611885056.0000000000 112116669.3905999660 0.0000000225
21316827948487152611885056.0000000000 112116669.3905999660 0.0000000242
21316827948487152611885056.0000000000 112116669.3905999660 0.0000000260
21316827948487152611885056.0000000000 112116669.3905999660 0.0000000280
21316827948487152611885056.0000000000 112116669.3905999660 0.0000000302
21316827948487152611885056.0000000000 112116669.3905999660 0.0000000325
21316827948487152611885056.0000000000 112116669.3905999660 0.0000000350
21316827948487152611885056.0000000000 112116669.3905999660 0.0000000377
21316827948487152611885056.0000000000 112116669.3905999660 0.0000000405
21316827948487152611885056.0000000000 112116669.3905999660 0.0000000437
21316827948487152611885056.0000000000 112116669.3905999660 0.0000000470
21316827948487152611885056.0000000000 112116669.3905999660 0.0000000506
21316827948487152611885056.0000000000 112116669.3905999660 0.0000000545
21316827948487152611885056.0000000000 112116669.3905999660 0.0000000587
21316827948487152611885056.0000000000 112116669.3905999660 0.0000000632
21316827948487152611885056.0000000000 112116669.3905999660 0.0000000680
21316827948487152611885056.0000000000 112116669.3905999660 0.0000000732
21316827948487152611885056.0000000000 112116669.3905999660 0.0000000788
21316827948487152611885056.0000000000 112116669.3905999660 0.0000000849
21316827948487152611885056.0000000000 112116669.3905999660 0.0000000914
21316827948487152611885056.0000000000 112116669.3905999660 0.0000000984
21316827948487152611885056.0000000000 112116669.3905999660 0.0000001059
21316827948487152611885056.0000000000 112116669.3905999660 0.0000001140
21316827948487152611885056.0000000000 112116669.3905999660 0.0000001228
21316827948487152611885056.0000000000 112116669.3905999660 0.0000001322
21316827948487152611885056.0000000000 112116669.3905999660 0.0000001423
21316827948487152611885056.0000000000 112116669.3905999660 0.0000001533
21316827948487152611885056.0000000000 112116669.3905999660 0.0000001650
21316827948487152611885056.0000000000 112116669.3905999660 0.0000001776
21316827948487152611885056.0000000000 112116669.3905999660 0.0000001913
21316827948487152611885056.0000000000 112116669.3905999660 0.0000002059
21316827948487152611885056.0000000000 112116669.3905999660 0.0000002217
21316827948487152611885056.0000000000 112116669.3905999660 0.0000002387
21316827948487152611885056.0000000000 112116669.3905999660 0.0000002570
21316827948487152611885056.0000000000 112116669.3905999660 0.0000002767
21316827948487152611885056.0000000000 112116669.3905999660 0.0000002979
21316827948487152611885056.0000000000 112116669.3905999660 0.0000003208
21316827948487152611885056.0000000000 112116669.3905999660 0.0000003454
21316827948487152611885056.0000000000 112116669.3905999660 0.0000003719
21316827948487152611885056.0000000000 112116669.3905999660 0.0000004004
21316827948487152611885056.0000000000 112116669.3905999660 0.0000004311
21316827948487152611885056.0000000000 112116669.3905999660 0.0000004641
21316827948487152611885056.0000000000 112116669.3905999660 0.0000004997
21316827948487152611885056.0000000000 112116669.3905999660 0.0000005380
21316827948487152611885056.0000000000 112116669.3905999660 0.0000005792
21316827948487152611885056.0000000000 112116669.3905999660 0.0000006237
21316827948487152611885056.0000000000 112116669.3905999660 0.0000006715
21316827948487152611885056.0000000000 112116669.3905999660 0.0000007229
21316827948487152611885056.0000000000 112116669.3905999660 0.0000007784
21316827948487152611885056.0000000000 112116669.3905999660 0.0000008381
21316827948487152611885056.0000000000 112116669.3905999660 0.0000009023
21316827948487152611885056.0000000000 112116669.3905999660 0.0000009715
21316827948487152611885056.0000000000 112116669.3905999660 0.0000010460
21316827948487152611885056.0000000000 112116669.3905999660 0.0000011261
21316827948487152611885056.0000000000 112116669.3905999660 0.0000012125
21316827948487152611885056.0000000000 112116669.3905999660 0.0000013054
21316827948487152611885056.0000000000 112116669.3905999660 0.0000014055
21316827948487152611885056.0000000000 112116669.3905999660 0.0000015133
21316827948487152611885056.0000000000 112116669.3905999660 0.0000016293
21316827948487152611885056.0000000000 112116669.3905999660 0.0000017542
21316827948487152611885056.0000000000 112116669.3905999660 0.0000018887
21316827948487152611885056.0000000000 112116669.3905999660 0.0000020335
21316827948487152611885056.0000000000 112116669.3905999660 0.0000021894
21316827948487152611885056.0000000000 112116669.3905999660 0.0000023573
21316827948487152611885056.0000000000 112116669.3905999660 0.0000025380
21316827948487152611885056.0000000000 112116669.3905999660 0.0000027326
21316827948487152611885056.0000000000 112116669.3905999660 0.0000029421
21316827948487152611885056.0000000000 112116669.3905999660 0.0000031676
21316827948487152611885056.0000000000 112116669.3905999660 0.0000034105
21316827948487152611885056.0000000000 112116669.3905999660 0.0000036719
21316827948487152611885056.0000000000 112116669.3905999660 0.0000039535
21316827948487152611885056.0000000000 112116669.3905999660 0.0000042566
21316827948487152611885056.0000000000 112116669.3905999660 0.0000045829
21316827948487152611885056.0000000000 112116669.3905999660 0.0000049342
21316827948487152611885056.0000000000 112116669.3905999660 0.0000053125
21316827948487152611885056.0000000000 112116669.3905999660 0.0000057198
21316827948487152611885056.0000000000 112116669.3905999660 0.0000061584
21316827948487152611885056.0000000000 112116669.3905999660 0.0000066305
21316827948487152611885056.0000000000 112116669.3905999660 0.0000071388
21316827948487152611885056.0000000000 112116669.3905999660 0.0000076861
21316827948487152611885056.0000000000 112116669.3905999660 0.0000082754
21316827948487152611885056.0000000000 112116669.3905999660 0.0000089099
21316827948487152611885056.0000000000 112116669.3905999660 0.0000095929
21316827948487152611885056.0000000000 112116669.3905999660 0.0000103284
21316827948487152611885056.0000000000 112116669.3905999660 0.0000111202
21316827948487152611885056.0000000000 112116669.3905999660 0.0000119728
21316827948487152611885056.0000000000 112116669.3905999660 0.0000128907
21316827948487152611885056.0000000000 112116669.3905999660 0.0000138790
21316827948487152611885056.0000000000 112116669.3905999660 0.0000149431
21316827948487152611885056.0000000000 112116669.3905999660 0.0000160887
21316827948487152611885056.0000000000 112116669.3905999660 0.0000173222
21316827948487152611885056.0000000000 112116669.3905999660 0.0000186502
21316827948487152611885056.0000000000 112116669.3905999660 0.0000200800
21316827948487152611885056.0000000000 112116669.3905999660 0.0000216195
21316827948487152611885056.0000000000 112116669.3905999660 0.0000232770
21316827948487152611885056.0000000000 112116669.3905999660 0.0000250616
21316827948487152611885056.0000000000 112116669.3905999660 0.0000269830
21316827948487152611885056.0000000000 112116669.3905999660 0.0000290517
21316827948487152611885056.0000000000 112116669.3905999660 0.0000312790
21316827948487152611885056.0000000000 112116669.3905999660 0.0000336770
21316827948487152611885056.0000000000 112116669.3905999660 0.0000362589
21316827948487152611885056.0000000000 112116669.3905999660 0.0000390388
21316827948487152611885056.0000000000 112116669.3905999660 0.0000420317
21316827948487152611885056.0000000000 112116669.3905999660 0.0000452542
21316827948487152611885056.0000000000 112116669.3905999660 0.0000487237
21316827948487152611885056.0000000000 112116669.3905999660 0.0000524591
21316827948487152611885056.0000000000 112116669.3905999660 0.0000564810
21316827948487152611885056.0000000000 112116669.3905999660 0.0000608112
21316827948487152611885056.0000000000 112116669.3905999660 0.0000654734
21316827948487152611885056.0000000000 112116669.3905999660 0.0000704930
21316827948487152611885056.0000000000 112116669.3905999660 0.0000758975
21316827948487152611885056.0000000000 112116669.3905999660 0.0000817163
21316827948487152611885056.0000000000 112116669.3905999660 0.0000879812
21316827948487152611885056.0000000000 112116669.3905999660 0.0000947265
21316827948487152611885056.0000000000 112116669.3905999660 0.0001019888
21316827948487152611885056.0000000000 112116669.3905999660 0.0001098080
21316827948487152611885056.0000000000 112116669.3905999660 0.0001182266
21316827948487152611885056.0000000000 112116669.3905999660 0.0001272906
21316827948487152611885056.0000000000 112116669.3905999660 0.0001370495
21316827948487152611885056.0000000000 112116669.3905999660 0.0001475567
21316827948487152611885056.0000000000 112116669.3905999660 0.0001588694
21316827948487152611885056.0000000000 112116669.3905999660 0.0001710493
21316827948487152611885056.0000000000 112116669.3905999660 0.0001841631
21316827948487152611885056.0000000000 112116669.3905999660 0.0001982823
21316827948487152611885056.0000000000 112116669.3905999660 0.0002134839
21316827948487152611885056.0000000000 112116669.3905999660 0.0002298510
21316827948487152611885056.0000000000 112116669.3905999660 0.0002474730
21316827948487152611885056.0000000000 112116669.3905999660 0.0002664459
21316827948487152611885056.0000000000 112116669.3905999660 0.0002868734
21316827948487152611885056.0000000000 112116669.3905999660 0.0003088670
21316827948487152611885056.0000000000 112116669.3905999660 0.0003325468
21316827948487152611885056.0000000000 112116669.3905999660 0.0003580421
21316827948487152611885056.0000000000 112116669.3905999660 0.0003854920
21316827948487152611885056.0000000000 112116669.3905999660 0.0004150464
21316827948487152611885056.0000000000 112116669.3905999660 0.0004468666
21316827948487152611885056.0000000000 112116669.3905999660 0.0004811264
21316827948487152611885056.0000000000 112116669.3905999660 0.0005180127
21316827948487152611885056.0000000000 112116669.3905999660 0.0005577270
21316827948487152611885056.0000000000 112116669.3905999660 0.0006004861
21316827948487152611885056.0000000000 112116669.3905999660 0.0006465234
21316827948487152611885056.0000000000 112116669.3905999660 0.0006960902
21316827948487152611885056.0000000000 112116669.3905999660 0.0007494571
21316827948487152611885056.0000000000 112116669.3905999660 0.0008069155
21316827948487152611885056.0000000000 112116669.3905999660 0.0008687790
21316827948487152611885056.0000000000 112116669.3905999660 0.0009353854
21316827948487152611885056.0000000000 112116669.3905999660 0.0010070982
21316827948487152611885056.0000000000 112116669.3905999660 0.0010843091
21316827948487152611885056.0000000000 112116669.3905999660 0.0011674395
21316827948487152611885056.0000000000 112116669.3905999660 0.0012569432
21316827948487152611885056.0000000000 112116669.3905999660 0.0013533088
21316827948487152611885056.0000000000 112116669.3905999660 0.0014570625
21316827948487152611885056.0000000000 112116669.3905999660 0.0015687706
21316827948487152611885056.0000000000 112116669.3905999660 0.0016890430
21316827948487152611885056.0000000000 112116669.3905999660 0.0018185363
21316827948487152611885056.0000000000 112116669.3905999660 0.0019579574
21316827948487152611885056.0000000000 112116669.3905999660 0.0021080675
21316827948487152611885056.0000000000 112116669.3905999660 0.0022696860
21316827948487152611885056.0000000000 112116669.3905999660 0.0024436953
21316827948487152611885056.0000000000 112116669.3905999660 0.0026310452
21316827948487152611885056.0000000000 112116669.3905999660 0.0028327587
21316827948487152611885056.0000000000 112116669.3905999660 0.0030499369
21316827948487152611885056.0000000000 112116669.3905999660 0.0032837653
21316827948487152611885056.0000000000 112116669.3905999660 0.0035355207
21316827948487152611885056.0000000000 112116669.3905999660 0.0038065773
21316827948487152611885056.0000000000 112116669.3905999660 0.0040984149
21316827948487152611885056.0000000000 112116669.3905999660 0.0044126267
21316827948487152611885056.0000000000 112116669.3905999660 0.0047509281
21316827948487152611885056.0000000000 112116669.3905999660 0.0051151659
21316827948487152611885056.0000000000 112116669.3905999660 0.0055073286
21316827948487152611885056.0000000000 112116669.3905999660 0.0059295571
21316827948487152611885056.0000000000 112116669.3905999660 0.0063841565
21316827948487152611885056.0000000000 112116669.3905999660 0.0068736085
21316827948487152611885056.0000000000 112116669.3905999660 0.0074005851
21316827948487152611885056.0000000000 112116669.3905999660 0.0079679633
21316827948487152611885056.0000000000 112116669.3905999660 0.0085788405
21316827948487152611885056.0000000000 112116669.3905999660 0.0092365516
21316827948487152611885056.0000000000 112116669.3905999660 0.0099446873
21316827948487152611885056.0000000000 112116669.3905999660 0.0107071133
21316827948487152611885056.0000000000 112116669.3905999660 0.0115279920
21316827948487152611885056.0000000000 112116669.3905999660 0.0124118047
21316827948487152611885056.0000000000 112116669.3905999660 0.0133633764
21316827948487152611885056.0000000000 112116669.3905999660 0.0143879019
21316827948487152611885056.0000000000 112116669.3905999660 0.0154909744
21316827948487152611885056.0000000000 112116669.3905999660 0.0166786157
21316827948487152611885056.0000000000 112116669.3905999660 0.0179573096
21316827948487152611885056.0000000000 112116669.3905999660 0.0193340367
21316827948487152611885056.0000000000 112116669.3905999660 0.0208163128
21316827948487152611885056.0000000000 112116669.3905999660 0.0224122302
21316827948487152611885056.0000000000 112116669.3905999660 0.0241305011
21316827948487152611885056.0000000000 112116669.3905999660 0.0259805062
21316827948487152611885056.0000000000 112116669.3905999660 0.0279723450
21316827948487152611885056.0000000000 112116669.3905999660 0.0301168915
21316827948487152611885056.0000000000 112116669.3905999660 0.0324258532
21316827948487152611885056.0000000000 112116669.3905999660 0.0349118352
21316827948487152611885056.0000000000 112116669.3905999660 0.0375884093
21316827948487152611885056.0000000000 112116669.3905999660 0.0404701873
21316827948487152611885056.0000000000 112116669.3905999660 0.0435729017
21316827948487152611885056.0000000000 112116669.3905999660 0.0469134908
21316827948487152611885056.0000000000 112116669.3905999660 0.0505101918
21316827948487152611885056.0000000000 112116669.3905999660 0.0543826398
21316827948487152611885056.0000000000 112116669.3905999660 0.0585519755
21316827948487152611885056.0000000000 112116669.3905999660 0.0630409603
21316827948487152611885056.0000000000 112116669.3905999660 0.0678741006
21316827948487152611885056.0000000000 112116669.3905999660 0.0730777817
21316827948487152611885056.0000000000 112116669.3905999660 0.0786804116
21316827948487152611885056.0000000000 112116669.3905999660 0.0847125765
21316827948487152611885056.0000000000 112116669.3905999660 0.0912072073
21316827948487152611885056.0000000000 112116669.3905999660 0.0981997599
21316827948487152611885056.0000000000 112116669.3905999660 0.1057284082
21316827948487152611885056.0000000000 112116669.3905999660 0.1138342528
21316827948487152611885056.0000000000 112116669.3905999660 0.1225615455
21316827948487152611885056.0000000000 112116669.3905999660 0.1319579307
21316827948487152611885056.0000000000 112116669.3905999660 0.1420747053
21316827948487152611885056.0000000000 112116669.3905999660 0.1529670994
21316827948487152611885056.0000000000 112116669.3905999660 0.1646945770
21316827948487152611885056.0000000000 112116669.3905999660 0.1773211613
21316827948487152611885056.0000000000 112116669.3905999660 0.1909157837
21316827948487152611885056.0000000000 112116669.3905999660 0.2055526604
21316827948487152611885056.0000000000 112116669.3905999660 0.2213116977
21316827948487152611885056.0000000000 112116669.3905999660 0.2382789279
21316827948487152611885056.0000000000 112116669.3905999660 0.2565469790
21316827948487152611885056.0000000000 112116669.3905999660 0.2762155807
21316827948487152611885056.0000000000 112116669.3905999660 0.2973921086
21316827948487152611885056.0000000000 112116669.3905999660 0.3201921702
21316827948487152611885056.0000000000 112116669.3905999660 0.3447402366
21316827948487152611885056.0000000000 112116669.3905999660 0.3711703214
21316827948487152611885056.0000000000 112116669.3905999660 0.3996267127
21316827948487152611885056.0000000000 112116669.3905999660 0.4302647607
21316827948487152611885056.0000000000 112116669.3905999660 0.4632517257
21316827948487152611885056.0000000000 112116669.3905999660 0.4987676913
21316827948487152611885056.0000000000 112116669.3905999660 0.5370065477
21316827948487152611885056.0000000000 112116669.3905999660 0.5781770496
21316827948487152611885056.0000000000 112116669.3905999660 0.6225039568
21316827948487152611885056.0000000000 112116669.3905999660 0.6702292601
21316827948487152611885056.0000000000 112116669.3905999660 0.7216135034
21316827948487152611885056.0000000000 112116669.3905999660 0.7769372053
21316827948487152611885056.0000000000 112116669.3905999660 0.8365023911
21316827948487152611885056.0000000000 112116669.3905999660 0.9006342411
21316827948487152611885056.0000000000 112116669.3905999660 0.9696828662
21316827948487152611885056.0000000000 112116669.3905999660 1.0440252193
21316827948487152611885056.0000000000 112116669.3905999660 1.1240671528
21316827948487152611885056.0000000000 112116669.3905999660 1.2102456345
21316827948487152611885056.0000000000 112116669.3905999660 1.3030311331
21316827948487152611885056.0000000000 112116669.3905999660 1.4029301867
21316827948487152611885056.0000000000 112116669.3905999660 1.5104881677
21316827948487152611885056.0000000000 112116669.3905999660 1.6262922605
21316827948487152611885056.0000000000 112116669.3905999660 1.7509746672
21316827948487152611885056.0000000000 112116669.3905999660 1.8852160583
21316827948487152611885056.0000000000 112116669.3905999660 2.0297492894
21316827948487152611885056.0000000000 112116669.3905999660 2.1853634016
21316827948487152611885056.0000000000 112116669.3905999660 2.3529079291
21316827948487152611885056.0000000000 112116669.3905999660 2.5332975370
21316827948487152611885056.0000000000 112116669.3905999660 2.7275170148
21316827948487148316917760.0000000000 112116669.3905999511 2.9366266526
21316827948487144021950464.0000000000 112116669.3905999362 3.1617680293
21316827948487139726983168.0000000000 112116669.3905999213 3.4041702449
21316827948487135432015872.0000000000 112116669.3905999064 3.6651566303
21316827948487131137048576.0000000000 112116669.3905998766 3.9461519720
21316827948487126842081280.0000000000 112116669.3905998766 4.2486902899
21316827948487122547113984.0000000000 112116669.3905998468 4.5744232121
21316827948487113957179392.0000000000 112116669.3905998170 4.9251289917
21316827948487105367244800.0000000000 112116669.3905997872 5.3027222144
21316827948487096777310208.0000000000 112116669.3905997425 5.7092642508
21316827948487088187375616.0000000000 112116669.3905996978 6.1469745100
21316827948487075302473728.0000000000 112116669.3905996531 6.6182425558
21316827948487062417571840.0000000000 112116669.3905996084 7.1256411517
21316827948487045237702656.0000000000 112116669.3905995339 7.6719403067
21316827948487028057833472.0000000000 112116669.3905994594 8.2601223969
21316827948487006582996992.0000000000 112116669.3905993700 8.8933984473
21316827948486980813193216.0000000000 112116669.3905992657 9.5752256616
21316827948486950748422144.0000000000 112116669.3905991465 10.3093262957
21316827948486916388683776.0000000000 112116669.3905990124 11.0997079783
21316827948486877733978112.0000000000 112116669.3905988336 11.9506855900
21316827948486830489337856.0000000000 112116669.3905986547 12.8669048186
21316827948486774654763008.0000000000 112116669.3905984163 13.8533675213
21316827948486710230253568.0000000000 112116669.3905981481 14.9154590313
21316827948486637215809536.0000000000 112116669.3905978501 16.0589775570
21316827948486555611430912.0000000000 112116669.3905975223 17.2901658364
21316827948486456827183104.0000000000 112116669.3905971050 18.6157452172
21316827948486345158033408.0000000000 112116669.3905966580 20.0429523505
21316827948486216309014528.0000000000 112116669.3905961215 21.5795786974
21316827948486065985159168.0000000000 112116669.3905955106 23.2340130642
21316827948485889891500032.0000000000 112116669.3905947804 25.0152873991
21316827948485688028037120.0000000000 112116669.3905939609 26.9331260997
21316827948485451804835840.0000000000 112116669.3905929923 28.9979991007
21316827948485176926928896.0000000000 112116669.3905918598 31.2211790317
21316827948484859099348992.0000000000 112116669.3905905485 33.6148027575
21316827948484494027128832.0000000000 112116669.3905890584 36.1919376356
21316827948484068825366528.0000000000 112116669.3905873150 38.9666528543
21316827948483574904127488.0000000000 112116669.3905852884 41.9540962398
21316827948483003673477120.0000000000 112116669.3905829489 45.1705769515
21316827948482342248513536.0000000000 112116669.3905802369 48.6336545178
21316827948481573449367552.0000000000 112116669.3905770779 52.3622346975
21316827948480684391137280.0000000000 112116669.3905734271 56.3766726910
21316827948479653598986240.0000000000 112116669.3905691952 60.6988842639
21316827948478459598077952.0000000000 112116669.3905642927 65.3524653908
21316827948477072323641344.0000000000 112116669.3905586004 70.3628210708
21316827948475466005872640.0000000000 112116669.3905520141 75.7573040196
21316827948473601990066176.0000000000 112116669.3905443549 81.5653639944
21316827948471441621516288.0000000000 112116669.3905355036 87.8187085673
21316827948468937655582720.0000000000 112116669.3905252218 94.5514762241
21316827948466038552657920.0000000000 112116669.3905133307 101.8004227346
21316827948462675593265152.0000000000 112116669.3904995173 109.6051218110
21316827948458775762960384.0000000000 112116669.3904835135 118.0081811498
21316827948454257457364992.0000000000 112116669.3904649764 127.0554750379
21316827948449017597263872.0000000000 112116669.3904434741 136.7963947909
21316827948442944513507328.0000000000 112116669.3904185444 147.2841183915
21316827948435905062109184.0000000000 112116669.3903896511 158.5759008015
21316827948427744624246784.0000000000 112116669.3903561682 170.7333865296
21316827948418287106260992.0000000000 112116669.3903173506 183.8229461635
21316827948407322054754304.0000000000 112116669.3902723491 197.9160387027
21316827948394608951558144.0000000000 112116669.3902201802 213.0896016699
21316827948379872918765568.0000000000 112116669.3901597112 229.4264711312
21316827948362791833829376.0000000000 112116669.3900896013 247.0158339179
21316827948342992034594816.0000000000 112116669.3900083601 265.9537145183
21316827948320039729364992.0000000000 112116669.3899141550 286.3434992980
21316827948293432406966272.0000000000 112116669.3898049593 308.2965009107
21316827948262590246813696.0000000000 112116669.3896783888 331.9325659805
21316827948226834644074496.0000000000 112116669.3895316571 357.3807293723
21316827948185388209668096.0000000000 112116669.3893615603 384.7799186240
21316827948137344705495040.0000000000 112116669.3891644031 414.2797123851
21316827948081651864567808.0000000000 112116669.3889358342 446.0411570011
21316827948017089916174336.0000000000 112116669.3886708915 480.2376457043
21316827947942250111041536.0000000000 112116669.3883637488 517.0558652081
21316827947855496066629632.0000000000 112116669.3880077302 556.6968148737
21316827947754929407393792.0000000000 112116669.3875950128 599.3769040137
21316827947638351110078464.0000000000 112116669.3871165812 645.3291333209
21316827947503209964109824.0000000000 112116669.3865619898 694.8043668749
21316827947346555326955520.0000000000 112116669.3859190941 748.0727016679
21316827947164955519746048.0000000000 112116669.3851738274 805.4249421281
21316827946954446287667200.0000000000 112116669.3843099326 867.1741876901
21316827946710419130810368.0000000000 112116669.3833084702 933.6575420782
21316827946427539699793920.0000000000 112116669.3821475655 1005.2379536358
21316827946099623241711616.0000000000 112116669.3808018267 1082.3061967455
21316827945719501456146432.0000000000 112116669.3792418540 1165.2830051599
21316827945278859286413312.0000000000 112116669.3774335235 1254.6213688852
21316827944768063120867328.0000000000 112116669.3753372729 1350.8090071620
21316827944175941749571584.0000000000 112116669.3729072809 1454.3710310389
21316827943489545846128640.0000000000 112116669.3700903952 1565.8728100783
21316827942693868794806272.0000000000 112116669.3668250293 1685.9230588424
21316827941771511683088384.0000000000 112116669.3630397916 1815.1771600096
21316827940702305344552960.0000000000 112116669.3586518914 1954.3407422636
21316827939462867977240576.0000000000 112116669.3535653949 2104.1735324870
21316827938026098337513472.0000000000 112116669.3476690650 2265.4935032901
21316827936360578739601408.0000000000 112116669.3408339620 2439.1813385163
21316827934429892155801600.0000000000 112116669.3329106569 2626.1852411034
21316827932191819057594368.0000000000 112116669.3237258792 2827.5261095473
21316827929597418292641792.0000000000 112116669.3130787611 3044.3031112286
21316827926589957637931008.0000000000 112116669.3007365167 3277.6996830262
21316827923103676849192960.0000000000 112116669.2864292264 3528.9899919793
21316827919062344551890944.0000000000 112116669.2698440850 3799.5458912658
21316827914377583203975168.0000000000 112116669.2506183982 4090.8444094732
21316827908946957835436032.0000000000 112116669.2283317596 4404.4758140460
21316827902651716895506432.0000000000 112116669.2024968565 4742.1522929313
21316827895354202387382272.0000000000 112116669.1725487262 5105.7173018169
21316827886894843391115264.0000000000 112116669.1378325373 5497.1556279911
21316827877088659960233984.0000000000 112116669.0975891352 5918.6042257646
21316827865721221557518336.0000000000 112116669.0509385318 6372.3638826084
21316827852543961245679616.0000000000 112116668.9968606383 6860.9117796948
21316827837268738258763776.0000000000 112116668.9341729581 7386.9150154140
21316827819561528695193600.0000000000 112116668.8615047038 7953.2451656920
21316827799035132663300096.0000000000 112116668.7772668302 8562.9939606004
21316827775240708900782080.0000000000 112116668.6796173751 9219.4901628386
21316827747657947889532928.0000000000 112116668.5664210469 9926.3177402326
21316827715683703077208064.0000000000 112116668.4352025837 10687.3354314574
21316827678618805327626240.0000000000 112116668.2830927074 11506.6978117989
21316827635652764247261184.0000000000 112116668.1067652255 12388.8779739541
21316827585846051445145600.0000000000 112116667.9023644626 13338.6919476939
21316827528109557704294400.0000000000 112116667.6654208302 14361.3249916960
21316827461180773093081088.0000000000 112116667.3907531500 15462.3599010848
21316827383596183210426368.0000000000 112116667.0723553002 16647.8074852125
21316827293659263089508352.0000000000 112116666.7032649815 17924.1393820671
21316827189403390155161600.0000000000 112116666.2754114121 19298.3233884474
21316827068548821536473088.0000000000 112116665.7794387937 20777.8614987804
21316826928452868151181312.0000000000 112116665.2045018226 22370.8308602411
21316826766052084445872128.0000000000 112116664.5380285233 24085.9278677575
21316826577795292675964928.0000000000 112116663.7654452622 25932.5156396228
21316826359565929897000960.0000000000 112116662.8698581755 27920.6751328922
21316826106592034040053760.0000000000 112116661.8316837102 30061.2601776116
21316825813341893386305536.0000000000 112116660.6282203645 32365.9567303192
21316825473403078813155328.0000000000 112116659.2331523150 34847.3466702903
21316825079342243176775680.0000000000 112116657.6159739941 37518.9764868000
21316824622542561094926336.0000000000 112116655.7413229793 40395.4312323706
21316824093015313026646016.0000000000 112116653.5682067871 43492.4141457242
21316823479181477595316224.0000000000 112116651.0491064787 46826.8323791028
21316822767618517496758272.0000000000 112116648.1289375722 50416.8892979454
21316821942766882909061120.0000000000 112116644.7438455820 54282.1838567850
21316820986589777068294144.0000000000 112116640.8198096156 58443.8175938520
21316819878178753716682752.0000000000 112116636.2710239589 62924.5098284597
21316818593296513538981888.0000000000 112116630.9980216175 67748.7216900147
21316817103846926672986112.0000000000 112116624.8854994774 72942.7896557026
21316815377260663407640576.0000000000 112116617.7997968942 78535.0693257925
21316813375783011295952896.0000000000 112116609.5859730840 84556.0902213783
21316811055648322311159808.0000000000 112116600.0644190907 91038.7224495253
21316808366123003938865152.0000000000 112116589.0269303322 98018.3561455546
21316805248396172074156032.0000000000 112116576.2321540117 105533.0946719126
21316801634293660503769088.0000000000 112116561.4003115296 113623.9626281371
21316797444787315067060224.0000000000 112116544.2070808709 122335.1298072330
21316792588266947924197376.0000000000 112116524.2765047848 131714.1523207635
21316786958537186284142592.0000000000 112116501.1727702618 141812.2322086083
21316780432495394041102336.0000000000 112116474.3906788528 152684.4969501525
21316772867439942755680256.0000000000 112116443.3446002305 164390.3004021901
21316764097949935094202368.0000000000 112116407.3556668758 176993.5468056430
21316753932268176645554176.0000000000 112116365.6369303465 190563.0396289377
21316742148108347242446848.0000000000 112116317.2761542797 205172.8571512263
21316728487794687120244736.0000000000 112116261.2158683240 220902.7568343121
21316712652627931832516608.0000000000 112116196.2302465439 237838.6106889242
21316694296354393570672640.0000000000 112116120.8983054608 256072.8740097125
21316673017595385520062464.0000000000 112116033.5728351325 275705.0900349110
21316648351071547112292352.0000000000 112115932.3443849981 296842.4332819956
21316619757430278409158656.0000000000 112115814.9995167553 319600.2945208786
21316586611453963226054656.0000000000 112115678.9724124521 344102.9105723383
21316548188391338791665664.0000000000 112115521.2887799740 370484.0423626490
21316503648113369982959616.0000000000 112115338.5008307099 398887.7049270254
21316452016747488131153920.0000000000 112115126.6119086593 429468.9533358446
21316392165389070223015936.0000000000 112114880.9891248643 462394.7288201093
21316322785425236877639680.0000000000 112114596.2620893121 497844.7696977571
21316242359932216991023104.0000000000 112114266.2055290937 536012.5920518208
21316149130521893882822656.0000000000 112113883.6032306552 577106.5454867935
21316041058914084358979584.0000000000 112113440.0903370380 621350.9496926196
21315915782396211728744448.0000000000 112112925.9705596864 668987.3179784050
21315770562199100281847808.0000000000 112112330.0043189675 720275.6744021378
21315602223663596909363200.0000000000 112111639.1631951630 775495.9716204660
21315407086894462934188032.0000000000 112110838.3453403711 834949.6171159487
21315180886391601743527936.0000000000 112109910.0456546545 898961.1160302808
21314918677909900519014400.0000000000 112108833.9735501409 967879.8394429024
21314614730522630459228160.0000000000 112107586.6099921167 1042081.9275872058
21314262401543847272251392.0000000000 112106140.6941955984 1121972.3381932373
21313853991595759154233344.0000000000 112104464.6288391650 1207987.0508881961
21313380576680041001254912.0000000000 112102521.7909059525 1300595.4393757579
21312831813619019946131456.0000000000 112100269.7332375050 1400302.8239535599
21312195714663264907427840.0000000000 112097659.2595504969 1507653.2178158201
21311458386405382273630208.0000000000 112094633.3529702723 1623232.2815251597
21310603727382831859499008.0000000000 112091125.9350291789 1747670.5010233968
21309613077880716090408960.0000000000 112087060.4284992218 1881646.6055834354
21308464814442573262225408.0000000000 112082348.0933131427 2025891.2431797830
21307133880445012027637760.0000000000 112076886.1000991166 2181190.9318681471
21305591242770119225507840.0000000000 112070555.3004295677 2348392.3069067704
21303803263095910730563584.0000000000 112063217.6466727108 2528406.6845121817
21301730970595292627337216.0000000000 112054713.2072364986 2722214.9643041012
21299329220862214886391808.0000000000 112044856.7149026394 2930872.8936372460
21296545723642654505304064.0000000000 112033433.5767512769 3155516.7181138345
21293319919410009987874816.0000000000 112020195.2637614906 3397369.2435833421
21289581681962460267937792.0000000000 112004853.9864266813 3657746.3358184351
21285249821008936518549504.0000000000 111987076.5495473146 3938063.8847476770
21280230355131084161679360.0000000000 111966477.2646743804 4239845.2605496431
21274414521549890972024832.0000000000 111942609.7824306488 4564729.2889720108
21267676484790342949797888.0000000000 111914957.6891458631 4914478.7728101304
21259870701649504243810304.0000000000 111882923.6930021644 5290989.5854083113
21250828894887321152782336.0000000000 111845817.2044249475 5696300.3601409076
21240356582873805503856640.0000000000 111802840.0941717327 6132602.7968496457
21228229107201008379887616.0000000000 111753070.3911290467 6602252.6018618215
21214187095247945333735424.0000000000 111695443.6612240523 7107781.0721252775
21197931290230528348782592.0000000000 111628731.7905705869 7651907.3257220099
21179116677889575889141760.0000000000 111551518.8821025342 8237551.1700159246
21157345837383351334338560.0000000000 111462173.9684355557 8867846.5842886381
21132161445136104519892992.0000000000 111358820.2485623062 9546155.7751223762
21103037865667834203340800.0000000000 111239300.5776280761 10276083.7390485797
21069371774536321219952640.0000000000 111101138.9846115112 11061493.2369690314
21030471777728583702675456.0000000000 110941498.0715544820 11906520.0472585261
20985547022045737151102976.0000000000 110757132.2719499171 12815588.3177614827
20933694835866470231048192.0000000000 110544337.1299200952 13793425.7793905810
20873887503596981107818496.0000000000 110298895.0241483152 14845078.5138398726
20804958365401918312808448.0000000000 110016018.1228446662 15975924.8830284476
20725587552499795991986176.0000000000 109690289.8431124389 17191688.1262488291
20634287823929068811714560.0000000000 109315606.7267377079 18498447.0106735863
20529391169729950941970432.0000000000 108885123.4612572193 19902643.7802734636
20409037093414617634308096.0000000000 108391204.7926239520 21411088.4863684624
20271163786331263353225216.0000000000 107825389.3058575988 23030958.6000906229
20113503756125776635756544.0000000000 107178371.4847764969 24769792.6047210209
19933585860961912175460352.0000000000 106440010.0601928830 26635476.0481746867
19728746108245516048400384.0000000000 105599372.3265795410 28636218.3098164015
19496149961969600621969408.0000000000 104644825.6887338161 30780518.1119628176
19232829204877369191432192.0000000000 103564188.9396657050 33077115.5993906260
18935736532764752877715456.0000000000 102344956.3090558648 35534928.6391064450
18601820903705904246947840.0000000000 100974606.6874238551 38162970.8790197670
18228126088370451130613760.0000000000 99441008.0647893846 40970249.0713109821
17811913725973531249868800.0000000000 97732922.5375058949 43965637.2347528338
17350810361899415307812864.0000000000 95840609.7330014855 47157725.4106927589
16842975369919959140401152.0000000000 93756515.9423874170 50554641.0574092343
16287283403963088074964992.0000000000 91476022.8805944473 54163841.4987138510
15683511314460486529974272.0000000000 88998214.7686056793 57991876.2399775758
15032515746359827333382144.0000000000 86326607.1743602902 62044118.3044555858
14336384560934236853370880.0000000000 83469768.4296662807 66324463.9259749502
13598543578260630224764928.0000000000 80441757.6885063946 70834999.8732522577
12823800693648355810607104.0000000000 77262305.9755606502 75575637.3488757759
12018312723713846889414656.0000000000 73956680.1264802366 80543710.9019013494
11189466474614953103851520.0000000000 70555194.7062108070 85733540.4135541469
10345673969266483110346752.0000000000 67092371.6460886076 91135954.5356125236
9499048710927657165914112.0000000000 62956245.7988630086 96737775.8733642250
8661326701943172804640768.0000000000 58530189.2554890662 102521272.9069828540
7839741733860395393744896.0000000000 54189391.8490456119 108525053.9711115062
7044000544195722459742208.0000000000 49985138.5746008158 114765192.6371677965
6282499192842069693431808.0000000000 45961789.5366154015 121226323.7964083701
5562118577797091509141504.0000000000 42155699.5679338872 127888869.7353900820
4888128902226316785352704.0000000000 38594713.4869513139 134728154.0154528022
4264193693654168738201600.0000000000 35298187.3327801749 141713462.4112962782
3693084153713442628304896.0000000000 32059026.6937699765 148807128.3031680584
3181545115244046833418240.0000000000 28545662.2385610715 155963760.9360419512
2722675449792229298667520.0000000000 25394042.8098740689 163179580.3778380752
2315005516333700605804544.0000000000 22594074.5846605711 170556670.1184390187
1956018178371857906925568.0000000000 20128469.3068325669 178056660.8958700299
1642488427102388598341632.0000000000 17975076.8950693645 185631860.1588423252
1371143512894950376210432.0000000000 15970016.4844061211 193224447.7175941169
1141452972896356900274176.0000000000 13883827.0786549542 200766398.6259203553
945317299681250544451584.0000000000 12102403.4137807563 208246825.1960214376
778941160590547921928192.0000000000 10591273.9665561039 215800823.9246910810
638669243067349457698816.0000000000 9317238.9616181981 223369244.9911331832
521123623562748362752000.0000000000 8232586.6333418842 230881375.5233719349
425259485192582342901760.0000000000 7020061.7377845170 238256163.2749359906
345818040438100116635648.0000000000 5976219.2075540964 245420046.8082066178
280424084821284287938560.0000000000 5092715.7908404488 252618493.7654047012
226610553708176549609472.0000000000 4365669.4123884458 259836688.7551747262
182494075634411785682944.0000000000 3769634.8287040615 267044406.8006110787
146457636119546725138432.0000000000 3282765.4057234623 274170235.4987928271
117125779736148570013696.0000000000 2886478.0869819974 281132916.9111419916
93383724236680311341056.0000000000 2533598.9894511434 287844845.3954836130
74742264107154244894720.0000000000 2138060.1420073877 294217330.5824129581
59672966979201039073280.0000000000 1818316.2820112847 300244171.8383559585
47520389286608601350144.0000000000 1560460.0550526876 306180518.1423020959
37743315217209681248256.0000000000 1353007.8178399473 311962617.9383780956
29896754514898848841728.0000000000 1186517.6633657441 317522049.7696961164
23615972412008741994496.0000000000 1053250.5642886888 322789735.4941843748
18602641654510235156480.0000000000 946876.5433752474 327701024.5400464535
14613065686413784121344.0000000000 862224.7902805022 332201203.1647578478
11448335299463140605952.0000000000 795074.8030462933 336250483.7114472389
8946223214996727267328.0000000000 741984.4054493052 339827464.6967652440
6974581915787373576192.0000000000 700149.6606576908 342930317.9176561832
5425990777681024647168.0000000000 667291.2928221144 345575499.4124374390
4213403728492997640192.0000000000 641562.3380874270 347794394.2781516314
3266577893519802236928.0000000000 621472.3667604442 349628746.2261958718
2529108594726525730816.0000000000 605824.5712313897 351125844.9325265288
1955943938991808577536.0000000000 593663.0299277809 352334266.9409011602
1511292313610464788480.0000000000 584228.3080661194 353300628.8608122468
1166863525761113915392.0000000000 576920.1377390216 354067473.1836658120
900399830239812911104.0000000000 571266.2489191665 354672167.0184384584
694460398969276465152.0000000000 566896.5780499328 355146576.8425622582
535425898777838223360.0000000000 563522.1469446204 355517262.5226212740
412691624767894061056.0000000000 560917.9425021344 355805969.9877985120
318019566981049745408.0000000000 558909.1687064150 356030258.7285002470
245022328451946446848.0000000000 557360.2962793756 356204155.9427392483
188754876157769515008.0000000000 556166.4003573612 356338773.9076727629
145393413027119464448.0000000000 555246.3467225600 356442858.9364086390
111983931261076111360.0000000000 554537.4565487424 356523260.7382449508
86246044898507046912.0000000000 553991.3440748936 356585322.9609667659
66420391000502583296.0000000000 553570.6787279653 356633201.8829735518
51150192831619342336.0000000000 553246.6721028411 356670122.7942032814
39389500900852072448.0000000000 552997.1309993484 356698584.0792986751
30332201373764206592.0000000000 552804.9511061959 356720518.3884518743
23357150959749206016.0000000000 552656.9528602188 356737419.1599526405
17985810483304124416.0000000000 552542.9825056158 356750439.4934418797
13849551059369031680.0000000000 552455.2183887545 356760469.1496838927
10664437190315401216.0000000000 552387.6359000446 356768194.3579334617
8211784384351694848.0000000000 552335.5949409506 356774144.1759650707
6323173447993009152.0000000000 552295.5219537572 356778726.3708103895
4868902538488852480.0000000000 552264.6648945238 356782255.1560485959
3749089928969508352.0000000000 552240.9044494811 356784972.6143629551
2886819982956432384.0000000000 552222.6086047209 356787065.2314215899
2222863682853614080.0000000000 552208.5206251382 356788676.6498293281
1711612326367285760.0000000000 552197.6727746536 356789917.5032405257
1317945814011951872.0000000000 552189.3198668079 356790872.9966778159
1014820839782890752.0000000000 552182.8880904285 356791608.7481545806
781413566258919936.0000000000 552177.9356004780 356792175.2895575166
601689347018068608.0000000000 552174.1221700900 356792611.5340069532
463301331411698368.0000000000 552171.1858209084 356792947.4467208982
356742341921386048.0000000000 552168.9248274242 356793206.1021715999
274691791072459072.0000000000 552167.1838597055 356793405.2684463263
211512790468796544.0000000000 552165.8433129401 356793558.6274132729
162864914676485568.0000000000 552164.8110909688 356793676.7143724561
125406023441603264.0000000000 552164.0162794808 356793767.6416598558
96562661256612336.0000000000 552163.4042742968 356793837.6558661461
74353262926794864.0000000000 552162.9330301047 356793891.5669205785
57252020611474392.0000000000 552162.5701719581 356793933.0785010457
44084060707624888.0000000000 552162.2907711145 356793965.0424586535
33944729612605940.0000000000 552162.0756324233 356793989.6547300816
26137443501987540.0000000000 552161.9099756062 356794008.6061933637
20125832504627452.0000000000 552161.7824198424 356794023.1988285780
15496891626264088.0000000000 552161.6842018956 356794034.4351627231
11932606906600338.0000000000 552161.6085740714 356794043.0871430039
9188107528192422.0000000000 552161.5503406437 356794049.7491695881
7074842921282501.0000000000 552161.5055009025 356794054.8789311051
5447629123247658.0000000000 552161.4709743008 356794058.8288480639
4194674468692373.0000000000 552161.4443888168 356794061.8702844977
3229899366857214.5000000000 552161.4239179937 356794064.2121907473
2487022527874163.0000000000 552161.4081554597 356794066.0154587030
1915007355590273.0000000000 552161.3960183085 356794067.4039751291
1474555669216007.7500000000 552161.3866727018 356794068.4731327891
1135407868504803.0000000000 552161.3794765847 356794069.2963842154
874264060651004.3750000000 552161.3739355745 356794069.9302878380
673183327829150.6250000000 552161.3696689967 356794070.4183936119
518351163097164.5000000000 552161.3663837317 356794070.7942351103
399130395981299.8125000000 552161.3638540776 356794071.0836330652
307330405140675.7500000000 552161.3619062442 356794071.3064695001
236644412097696.2500000000 552161.3604064122 356794071.4780535102
182216197397862.0625000000 552161.3592515416 356794071.6101732254
140306472045348.6562500000 552161.3583622912 356794071.7119054198
108035983503967.5156250000 552161.3576775686 356794071.7902392149
83187707315278.1718750000 552161.3571503321 356794071.8505561948
64054534642975.8203125000 552161.3567443599 356794071.8970003128
49321991681145.8515625000 552161.3564317613 356794071.9327622652
37977933598072.0000000000 552161.3561910605 356794071.9602989554
29243008872643.7695312500 552161.3560057208 356794071.9815022349
22517116833197.5898437500 552161.3558630093 356794071.9978287220
17338179962310.3164062500 552161.3557531214 356794072.0104001164
13350398571422.5351562500 552161.3556685077 356794072.0200800896
10279806900258.3574218750 552161.3556033552 356794072.0275337100
7915451313354.8710937500 552161.3555531878 356794072.0332729816
6094897511375.7050781250 552161.3555145588 356794072.0376921892
4693071083814.1093750000 552161.3554848145 356794072.0410950184
3613664734569.3642578125 552161.3554619115 356794072.0437151790
2782521845637.6806640625 552161.3554442760 356794072.0457326770
2142541821152.4389648438 552161.3554306969 356794072.0472861528
1649757202294.1518554688 552161.3554202409 356794072.0484823585
1270313045770.5131835938 552161.3554121896 356794072.0494034290
978141045245.6762695312 552161.3554059903 356794072.0501126647
753168604840.5825195312 552161.3554012168 356794072.0506587625
579939825728.0855712891 552161.3553975411 356794072.0510792732
446553665811.1221313477 552161.3553947110 356794072.0514030457
343846322674.8582763672 552161.3553925317 356794072.0516523719
264761668459.8153686523 552161.3553908537 356794072.0518443584
203866484714.1612854004 552161.3553895615 356794072.0519921780
156977193229.9655151367 552161.3553885666 356794072.0521060228
120872438787.1098022461 552161.3553878006 356794072.0521936417
93071777866.0960998535 552161.3553872106 356794072.0522611141
71665268956.9067687988 552161.3553867564 356794072.0523130894
55182257096.8257904053 552161.3553864066 356794072.0523530841
42490337964.5603561401 552161.3553861374 356794072.0523838997
32717560232.7141380310 552161.3553859300 356794072.0524076223
25192521379.1914672852 552161.3553857703 356794072.0524258614
19398241461.9783630371 552161.3553856474 356794072.0524399281
14936645925.7238960266 552161.3553855529 356794072.0524507761
11501217362.8077316284 552161.3553854799 356794072.0524591208
8855937369.3621482849 552161.3553854238 356794072.0524655581
6819071774.4089698792 552161.3553853806 356794072.0524705052
5250685266.2949752808 552161.3553853473 356794072.0524743199
4043027655.0471715927 552161.3553853217 356794072.0524772406
3113131294.3863463402 552161.3553853019 356794072.0524795055
2397111096.6775007248 552161.3553852867 356794072.0524812341
1845775544.4416837692 552161.3553852751 356794072.0524825454
1421247169.2201015949 552161.3553852660 356794072.0524835587
1094360320.2994811535 552161.3553852590 356794072.0524843335
842657446.6306022406 552161.3553852537 356794072.0524849296
648846233.9055647850 552161.3553852497 356794072.0524854064
499611600.1072854996 552161.3553852465 356794072.0524857640
384700932.0826101899 552161.3553852441 356794072.0524860620
296219717.7036100626 552161.3553852423 356794072.0524863005
228089182.6317799091 552161.3553852406 356794072.0524864793
175628670.6264705956 552161.3553852396 356794072.0524865985
135234076.3823823929 552161.3553852388 356794072.0524867177
104130238.8144344687 552161.3553852381 356794072.0524867773
80180283.8871145546 552161.3553852376 356794072.0524868369
61738818.5930782109 552161.3553852371 356794072.0524868965
47538890.3166702241 552161.3553852369 356794072.0524869561
36604945.5438360721 552161.3553852367 356794072.0524869561
28185808.0687537789 552161.3553852364 356794072.0524869561
21703072.2129404098 552161.3553852363 356794072.0524869561
16711365.6039641164 552161.3553852362 356794072.0524869561
12867751.5150523689 552161.3553852362 356794072.0524869561
9908168.6665903237 552161.3553852360 356794072.0524869561
7629289.8732745498 552161.3553852360 356794072.0524869561
5874553.2024214035 552161.3553852360 356794072.0524869561
4523405.9658644805 552161.3553852360 356794072.0524869561
3483022.5937156500 552161.3553852360 356794072.0524869561
2681927.3971610507 552161.3553852360 356794072.0524869561
2065084.0958140092 552161.3553852359 356794072.0524869561
1590114.7537767871 552161.3553852359 356794072.0524869561
1224388.3604081261 552161.3553852359 356794072.0524869561
942779.0375142570 552161.3553852359 356794072.0524869561
725939.8588859779 552161.3553852359 356794072.0524869561
558973.6913422029 552161.3553852359 356794072.0524869561
430409.7423334962 552161.3553852359 356794072.0524869561
331415.5015967921 552161.3553852359 356794072.0524869561
255189.9362295298 552161.3553852359 356794072.0524869561
196496.2508967380 552161.3553852359 356794072.0524869561
151302.1131904882 552161.3553852359 356794072.0524869561
116502.6271566760 552161.3553852359 356794072.0524869561
89707.0229106405 552161.3553852359 356794072.0524869561
69074.4076411932 552161.3553852359 356794072.0524869561
53187.2938837187 552161.3553852359 356794072.0524869561
40954.2162904634 552161.3553852359 356794072.0524869561
31534.7465436568 552161.3553852359 356794072.0524869561
24281.7548386158 552161.3553852359 356794072.0524869561
18696.9512257341 552161.3553852359 356794072.0524869561
14396.6524438153 552161.3553852359 356794072.0524869561
11085.4223817378 552161.3553852359 356794072.0524869561
8535.7752339381 552161.3553852359 356794072.0524869561
6572.5469301323 552161.3553852359 356794072.0524869561
5060.8611362019 552161.3553852359 356794072.0524869561
3896.8630748755 552161.3553852359 356794072.0524869561
3000.5845676541 552161.3553852359 356794072.0524869561
2310.4501170937 552161.3553852359 356794072.0524869561
1779.0465901621 552161.3553852359 356794072.0524869561
1369.8658744248 552161.3553852359 356794072.0524869561
1054.7967233071 552161.3553852359 356794072.0524869561
812.1934769465 552161.3553852359 356794072.0524869561
625.3889772488 552161.3553852359 356794072.0524869561
481.5495124816 552161.3553852359 356794072.0524869561
370.7931246108 552161.3553852359 356794072.0524869561
285.5107059503 552161.3553852359 356794072.0524869561
219.8432435817 552161.3553852359 356794072.0524869561
169.2792975579 552161.3553852359 356794072.0524869561
130.3450591196 552161.3553852359 356794072.0524869561
100.3656955221 552161.3553852359 356794072.0524869561
77.2815855520 552161.3553852359 356794072.0524869561
59.5068208751 552161.3553852359 356794072.0524869561
45.8202520738 552161.3553852359 356794072.0524869561
35.2815940968 552161.3553852359 356794072.0524869561
27.1668274546 552161.3553852359 356794072.0524869561
20.9184571400 552161.3553852359 356794072.0524869561
16.1072119978 552161.3553852359 356794072.0524869561
12.4025532383 552161.3553852359 356794072.0524869561
9.5499659935 552161.3553852359 356794072.0524869561
7.3534738150 552161.3553852359 356794072.0524869561
5.6621748375 552161.3553852359 356794072.0524869561
4.3598746249 552161.3553852359 356794072.0524869561
3.3571034612 552161.3553852359 356794072.0524869561
2.5849696651 552161.3553852359 356794072.0524869561
1.9904266421 552161.3553852359 356794072.0524869561
1.5326285144 552161.3553852359 356794072.0524869561
1.1801239561 552161.3553852359 356794072.0524869561
0.9086954462 552161.3553852359 356794072.0524869561
0.6996954936 552161.3553852359 356794072.0524869561
0.5387655301 552161.3553852359 356794072.0524869561
0.4148494581 552161.3553852359 356794072.0524869561
0.3194340828 552161.3553852359 356794072.0524869561
0.2459642437 552161.3553852359 356794072.0524869561
0.1893924677 552161.3553852359 356794072.0524869561
0.1458322001 552161.3553852359 356794072.0524869561
0.1122907941 552161.3553852359 356794072.0524869561
0.0864639114 552161.3553852359 356794072.0524869561
0.0665772118 552161.3553852359 356794072.0524869561
0.0512644531 552161.3553852359 356794072.0524869561
0.0394736289 552161.3553852359 356794072.0524869561
0.0303946942 552161.3553852359 356794072.0524869561
0.0234039146 552161.3553852359 356794072.0524869561
0.0180210142 552161.3553852359 356794072.0524869561
0.0138761809 552161.3553852359 356794072.0524869561
0.0106846593 552161.3553852359 356794072.0524869561
0.0082271877 552161.3553852359 356794072.0524869561
0.0063349345 552161.3553852359 356794072.0524869561
0.0048778996 552161.3553852359 356794072.0524869561
0.0037559827 552161.3553852359 356794072.0524869561
0.0028921067 552161.3553852359 356794072.0524869561
0.0022269221 552161.3553852359 356794072.0524869561
0.0017147300 552161.3553852359 356794072.0524869561
0.0013203421 552161.3553852359 356794072.0524869561
0.0010166634 552161.3553852359 356794072.0524869561
0.0007828308 552161.3553852359 356794072.0524869561
0.0006027798 552161.3553852359 356794072.0524869561
0.0004641404 552161.3553852359 356794072.0524869561
0.0003573881 552161.3553852359 356794072.0524869561
0.0002751888 552161.3553852359 356794072.0524869561
0.0002118954 552161.3553852359 356794072.0524869561
0.0001631595 552161.3553852359 356794072.0524869561
0.0001256328 552161.3553852359 356794072.0524869561
0.0000967372 552161.3553852359 356794072.0524869561
0.0000744877 552161.3553852359 356794072.0524869561
0.0000573555 552161.3553852359 356794072.0524869561
0.0000441637 552161.3553852359 356794072.0524869561
0.0000340061 552161.3553852359 356794072.0524869561
0.0000261847 552161.3553852359 356794072.0524869561
0.0000201622 552161.3553852359 356794072.0524869561
0.0000155249 552161.3553852359 356794072.0524869561
0.0000119542 552161.3553852359 356794072.0524869561
0.0000092047 552161.3553852359 356794072.0524869561
0.0000070876 552161.3553852359 356794072.0524869561
0.0000054575 552161.3553852359 356794072.0524869561
0.0000042023 552161.3553852359 356794072.0524869561
0.0000032357 552161.3553852359 356794072.0524869561
0.0000024915 552161.3553852359 356794072.0524869561
0.0000019185 552161.3553852359 356794072.0524869561
0.0000014772 552161.3553852359 356794072.0524869561
0.0000011375 552161.3553852359 356794072.0524869561
0.0000008758 552161.3553852359 356794072.0524869561
0.0000006744 552161.3553852359 356794072.0524869561
0.0000005193 552161.3553852359 356794072.0524869561
0.0000003999 552161.3553852359 356794072.0524869561
0.0000003079 552161.3553852359 356794072.0524869561
0.0000002371 552161.3553852359 356794072.0524869561
0.0000001825 552161.3553852359 356794072.0524869561
0.0000001406 552161.3553852359 356794072.0524869561
0.0000001082 552161.3553852359 356794072.0524869561
0.0000000833 552161.3553852359 356794072.0524869561
0.0000000642 552161.3553852359 356794072.0524869561
0.0000000494 552161.3553852359 356794072.0524869561
0.0000000380 552161.3553852359 356794072.0524869561
0.0000000293 552161.3553852359 356794072.0524869561
0.0000000226 552161.3553852359 356794072.0524869561
0.0000000174 552161.3553852359 356794072.0524869561
0.0000000134 552161.3553852359 356794072.0524869561
0.0000000103 552161.3553852359 356794072.0524869561
0.0000000079 552161.3553852359 356794072.0524869561
