418462468587926465881362636210176.0000000000 110337547253840.1250000000 0.0000000000
418462468587926465881362636210176.0000000000 110337547253840.1250000000 0.0000000000
418462468587926465881362636210176.0000000000 110337547253840.1250000000 0.0000000000
418462468587926465881362636210176.0000000000 110337547253840.1250000000 0.0000000000
418462468587926465881362636210176.0000000000 110337547253840.1250000000 0.0000000000
418462468587926465881362636210176.0000000000 110337547253840.1250000000 0.0000000000
418462468587926465881362636210176.0000000000 110337547253840.1250000000 0.0000000000
418462468587926465881362636210176.0000000000 110337547253840.1250000000 0.0000000000
418462468587926465881362636210176.0000000000 110337547253840.1250000000 0.0000000000
418462468587926465881362636210176.0000000000 110337547253840.1250000000 0.0000000000
418462468587926465881362636210176.0000000000 110337547253840.1250000000 0.0000000000
418462468587926465881362636210176.0000000000 110337547253840.1250000000 0.0000000000
418462468587926465881362636210176.0000000000 110337547253840.1250000000 0.0000000000
418462468587926465881362636210176.0000000000 110337547253840.1250000000 0.0000000000
418462468587926465881362636210176.0000000000 110337547253840.1250000000 0.0000000000
418462468587926465881362636210176.0000000000 110337547253840.1250000000 0.0000000000
418462468587926465881362636210176.0000000000 110337547253840.1250000000 0.0000000000
418462468587926465881362636210176.0000000000 110337547253840.1250000000 0.0000000000
418462468587926465881362636210176.0000000000 110337547253840.1250000000 0.0000000000
418462468587926465881362636210176.0000000000 110337547253840.1250000000 0.0000000000
418462468587926465881362636210176.0000000000 110337547253840.1250000000 0.0000000000
418462468587926465881362636210176.0000000000 110337547253840.1250000000 0.0000000000
418462468587926465881362636210176.0000000000 110337547253840.1250000000 0.0000000000
418462468587926465881362636210176.0000000000 110337547253840.1250000000 0.0000000000
418462468587926465881362636210176.0000000000 110337547253840.1250000000 0.0000000000
418462468587926465881362636210176.0000000000 110337547253840.1250000000 0.0000000000
418462468587926465881362636210176.0000000000 110337547253840.1250000000 0.0000000000
418462468587926465881362636210176.0000000000 110337547253840.1250000000 0.0000000000
418462468587926465881362636210176.0000000000 110337547253840.1250000000 0.0000000000
418462468587926465881362636210176.0000000000 110337547253840.1250000000 0.0000000000
418462468587926465881362636210176.0000000000 110337547253840.1250000000 0.0000000000
418462468587926465881362636210176.0000000000 110337547253840.1250000000 0.0000000000
418462468587926465881362636210176.0000000000 110337547253840.1250000000 0.0000000000
418462468587926465881362636210176.0000000000 110337547253840.1250000000 0.0000000000
418462468587926465881362636210176.0000000000 110337547253840.1250000000 0.0000000000
418462468587926465881362636210176.0000000000 110337547253840.1250000000 0.0000000000
418462468587926465881362636210176.0000000000 110337547253840.1250000000 0.0000000000
418462468587926465881362636210176.0000000000 110337547253840.1250000000 0.0000000000
418462468587926465881362636210176.0000000000 110337547253840.1250000000 0.0000000000
418462468587926465881362636210176.0000000000 110337547253840.1250000000 0.0000000000
418462468587926465881362636210176.0000000000 110337547253840.1250000000 0.0000000000
418462468587926465881362636210176.0000000000 110337547253840.1250000000 0.0000000000
418462468587926465881362636210176.0000000000 110337547253840.1250000000 0.0000000000
418462468587926465881362636210176.0000000000 110337547253840.1250000000 0.0000000000
418462468587926465881362636210176.0000000000 110337547253840.1250000000 0.0000000000
418462468587926465881362636210176.0000000000 110337547253840.1250000000 0.0000000000
418462468587926465881362636210176.0000000000 110337547253840.1250000000 0.0000000000
418462468587926465881362636210176.0000000000 110337547253840.1250000000 0.0000000000
418462468587926465881362636210176.0000000000 110337547253840.1250000000 0.0000000000
418462468587926465881362636210176.0000000000 110337547253840.1250000000 0.0000000000
418462468587926465881362636210176.0000000000 110337547253840.1250000000 0.0000000000
418462468587926465881362636210176.0000000000 110337547253840.1250000000 0.0000000000
418462468587926465881362636210176.0000000000 110337547253840.1250000000 0.0000000000
418462468587926465881362636210176.0000000000 110337547253840.1250000000 0.0000000000
418462468587926465881362636210176.0000000000 110337547253840.1250000000 0.0000000000
418462468587926465881362636210176.0000000000 110337547253840.1250000000 0.0000000000
418462468587926465881362636210176.0000000000 110337547253840.1250000000 0.0000000000
418462468587926465881362636210176.0000000000 110337547253840.1250000000 0.0000000000
418462468587926465881362636210176.0000000000 110337547253840.1250000000 0.0000000000
418462468587926465881362636210176.0000000000 110337547253840.1250000000 0.0000000000
418462468587926465881362636210176.0000000000 110337547253840.1250000000 0.0000000000
418462468587926465881362636210176.0000000000 110337547253840.1250000000 0.0000000000
418462468587926465881362636210176.0000000000 110337547253840.1250000000 0.0000000000
418462468587926465881362636210176.0000000000 110337547253840.1250000000 0.0000000000
418462468587926465881362636210176.0000000000 110337547253840.1250000000 0.0000000000
418462468587926465881362636210176.0000000000 110337547253840.1250000000 0.0000000000
418462468587926465881362636210176.0000000000 110337547253840.1250000000 0.0000000000
418462468587926465881362636210176.0000000000 110337547253840.1250000000 0.0000000000
418462468587926465881362636210176.0000000000 110337547253840.1250000000 0.0000000000
418462468587926465881362636210176.0000000000 110337547253840.1250000000 0.0000000000
418462468587926465881362636210176.0000000000 110337547253840.1250000000 0.0000000000
418462468587926465881362636210176.0000000000 110337547253840.1250000000 0.0000000000
418462468587926465881362636210176.0000000000 110337547253840.1250000000 0.0000000000
418462468587926465881362636210176.0000000000 110337547253840.1250000000 0.0000000000
418462468587926465881362636210176.0000000000 110337547253840.1250000000 0.0000000000
418462468587926465881362636210176.0000000000 110337547253840.1250000000 0.0000000000
418462468587926465881362636210176.0000000000 110337547253840.1250000000 0.0000000000
418462468587926465881362636210176.0000000000 110337547253840.1250000000 0.0000000000
418462468587926465881362636210176.0000000000 110337547253840.1250000000 0.0000000000
418462468587926465881362636210176.0000000000 110337547253840.1250000000 0.0000000000
418462468587926465881362636210176.0000000000 110337547253840.1250000000 0.0000000000
418462468587926465881362636210176.0000000000 110337547253840.1250000000 0.0000000000
418462468587926465881362636210176.0000000000 110337547253840.1250000000 0.0000000000
418462468587926465881362636210176.0000000000 110337547253840.1250000000 0.0000000000
418462468587926465881362636210176.0000000000 110337547253840.1250000000 0.0000000000
418462468587926465881362636210176.0000000000 110337547253840.1250000000 0.0000000000
418462468587926465881362636210176.0000000000 110337547253840.1250000000 0.0000000000
418462468587926465881362636210176.0000000000 110337547253840.1250000000 0.0000000000
418462468587926465881362636210176.0000000000 110337547253840.1250000000 0.0000000000
418462468587926465881362636210176.0000000000 110337547253840.1250000000 0.0000000000
418462468587926465881362636210176.0000000000 110337547253840.1250000000 0.0000000000
418462468587926465881362636210176.0000000000 110337547253840.1250000000 0.0000000000
418462468587926465881362636210176.0000000000 110337547253840.1250000000 0.0000000000
418462468587926465881362636210176.0000000000 110337547253840.1250000000 0.0000000000
418462468587926465881362636210176.0000000000 110337547253840.1250000000 0.0000000000
418462468587926465881362636210176.0000000000 110337547253840.1250000000 0.0000000000
418462468587926465881362636210176.0000000000 110337547253840.1250000000 0.0000000000
418462468587926465881362636210176.0000000000 110337547253840.1250000000 0.0000000000
418462468587926465881362636210176.0000000000 110337547253840.1250000000 0.0000000000
418462468587926465881362636210176.0000000000 110337547253840.1250000000 0.0000000000
418462468587926465881362636210176.0000000000 110337547253840.1250000000 0.0000000000
418462468587926465881362636210176.0000000000 110337547253840.1250000000 0.0000000000
418462468587926465881362636210176.0000000000 110337547253840.1250000000 0.0000000000
418462468587926465881362636210176.0000000000 110337547253840.1250000000 0.0000000000
418462468587926465881362636210176.0000000000 110337547253840.1250000000 0.0000000000
418462468587926465881362636210176.0000000000 110337547253840.1250000000 0.0000000000
418462468587926465881362636210176.0000000000 110337547253840.1250000000 0.0000000000
418462468587926465881362636210176.0000000000 110337547253840.1250000000 0.0000000000
418462468587926465881362636210176.0000000000 110337547253840.1250000000 0.0000000000
418462468587926465881362636210176.0000000000 110337547253840.1250000000 0.0000000000
418462468587926465881362636210176.0000000000 110337547253840.1250000000 0.0000000000
418462468587926465881362636210176.0000000000 110337547253840.1250000000 0.0000000000
418462468587926465881362636210176.0000000000 110337547253840.1250000000 0.0000000000
418462468587926465881362636210176.0000000000 110337547253840.1250000000 0.0000000000
418462468587926465881362636210176.0000000000 110337547253840.1250000000 0.0000000000
418462468587926465881362636210176.0000000000 110337547253840.1250000000 0.0000000000
418462468587926465881362636210176.0000000000 110337547253840.1250000000 0.0000000000
418462468587926465881362636210176.0000000000 110337547253840.1250000000 0.0000000000
418462468587926465881362636210176.0000000000 110337547253840.1250000000 0.0000000000
418462468587926465881362636210176.0000000000 110337547253840.1250000000 0.0000000000
418462468587926465881362636210176.0000000000 110337547253840.1250000000 0.0000000000
418462468587926465881362636210176.0000000000 110337547253840.1250000000 0.0000000000
418462468587926465881362636210176.0000000000 110337547253840.1250000000 0.0000000000
418462468587926465881362636210176.0000000000 110337547253840.1250000000 0.0000000000
418462468587926465881362636210176.0000000000 110337547253840.1250000000 0.0000000000
418462468587926465881362636210176.0000000000 110337547253840.1250000000 0.0000000000
418462468587926465881362636210176.0000000000 110337547253840.1250000000 0.0000000000
418462468587926465881362636210176.0000000000 110337547253840.1250000000 0.0000000000
418462468587926465881362636210176.0000000000 110337547253840.1250000000 0.0000000000
418462468587926465881362636210176.0000000000 110337547253840.1250000000 0.0000000000
418462468587926465881362636210176.0000000000 110337547253840.1250000000 0.0000000000
418462468587926465881362636210176.0000000000 110337547253840.1250000000 0.0000000000
418462468587926465881362636210176.0000000000 110337547253840.1250000000 0.0000000000
418462468587926465881362636210176.0000000000 110337547253840.1250000000 0.0000000000
418462468587926465881362636210176.0000000000 110337547253840.1250000000 0.0000000000
418462468587926465881362636210176.0000000000 110337547253840.1250000000 0.0000000000
418462468587926465881362636210176.0000000000 110337547253840.1250000000 0.0000000000
418462468587926465881362636210176.0000000000 110337547253840.1250000000 0.0000000000
418462468587926465881362636210176.0000000000 110337547253840.1250000000 0.0000000000
418462468587926465881362636210176.0000000000 110337547253840.1250000000 0.0000000000
418462468587926465881362636210176.0000000000 110337547253840.1250000000 0.0000000000
418462468587926465881362636210176.0000000000 110337547253840.1250000000 0.0000000000
418462468587926465881362636210176.0000000000 110337547253840.1250000000 0.0000000000
418462468587926465881362636210176.0000000000 110337547253840.1250000000 0.0000000000
418462468587926465881362636210176.0000000000 110337547253840.1250000000 0.0000000000
418462468587926465881362636210176.0000000000 110337547253840.1250000000 0.0000000000
418462468587926465881362636210176.0000000000 110337547253840.1250000000 0.0000000000
418462468587926465881362636210176.0000000000 110337547253840.1250000000 0.0000000000
418462468587926465881362636210176.0000000000 110337547253840.1250000000 0.0000000000
418462468587926465881362636210176.0000000000 110337547253840.1250000000 0.0000000000
418462468587926465881362636210176.0000000000 110337547253840.1250000000 0.0000000000
418462468587926465881362636210176.0000000000 110337547253840.1250000000 0.0000000000
418462468587926465881362636210176.0000000000 110337547253840.1250000000 0.0000000000
418462468587926465881362636210176.0000000000 110337547253840.1250000000 0.0000000000
418462468587926465881362636210176.0000000000 110337547253840.1250000000 0.0000000000
418462468587926465881362636210176.0000000000 110337547253840.1250000000 0.0000000000
418462468587926465881362636210176.0000000000 110337547253840.1250000000 0.0000000000
418462468587926465881362636210176.0000000000 110337547253840.1250000000 0.0000000000
418462468587926465881362636210176.0000000000 110337547253840.1250000000 0.0000000000
418462468587926465881362636210176.0000000000 110337547253840.1250000000 0.0000000000
418462468587926465881362636210176.0000000000 110337547253840.1250000000 0.0000000000
418462468587926465881362636210176.0000000000 110337547253840.1250000000 0.0000000000
418462468587926465881362636210176.0000000000 110337547253840.1250000000 0.0000000000
418462468587926465881362636210176.0000000000 110337547253840.1250000000 0.0000000000
418462468587926465881362636210176.0000000000 110337547253840.1250000000 0.0000000000
418462468587926465881362636210176.0000000000 110337547253840.1250000000 0.0000000000
418462468587926465881362636210176.0000000000 110337547253840.1250000000 0.0000000000
418462468587926465881362636210176.0000000000 110337547253840.1250000000 0.0000000000
418462468587926465881362636210176.0000000000 110337547253840.1250000000 0.0000000000
418462468587926465881362636210176.0000000000 110337547253840.1250000000 0.0000000000
418462468587926465881362636210176.0000000000 110337547253840.1250000000 0.0000000000
418462468587926465881362636210176.0000000000 110337547253840.1250000000 0.0000000000
418462468587926465881362636210176.0000000000 110337547253840.1250000000 0.0000000000
418462468587926465881362636210176.0000000000 110337547253840.1250000000 0.0000000000
418462468587926465881362636210176.0000000000 110337547253840.1250000000 0.0000000000
418462468587926465881362636210176.0000000000 110337547253840.1250000000 0.0000000000
418462468587926465881362636210176.0000000000 110337547253840.1250000000 0.0000000000
418462468587926465881362636210176.0000000000 110337547253840.1250000000 0.0000000000
418462468587926465881362636210176.0000000000 110337547253840.1250000000 0.0000000000
418462468587926465881362636210176.0000000000 110337547253840.1250000000 0.0000000000
418462468587926465881362636210176.0000000000 110337547253840.1250000000 0.0000000000
418462468587926465881362636210176.0000000000 110337547253840.1250000000 0.0000000000
418462468587926465881362636210176.0000000000 110337547253840.1250000000 0.0000000000
418462468587926465881362636210176.0000000000 110337547253840.1250000000 0.0000000000
418462468587926465881362636210176.0000000000 110337547253840.1250000000 0.0000000000
418462468587926465881362636210176.0000000000 110337547253840.1250000000 0.0000000000
418462468587926465881362636210176.0000000000 110337547253840.1250000000 0.0000000000
418462468587926465881362636210176.0000000000 110337547253840.1250000000 0.0000000000
418462468587926465881362636210176.0000000000 110337547253840.1250000000 0.0000000000
418462468587926465881362636210176.0000000000 110337547253840.1250000000 0.0000000000
418462468587926465881362636210176.0000000000 110337547253840.1250000000 0.0000000000
418462468587926465881362636210176.0000000000 110337547253840.1250000000 0.0000000000
418462468587926465881362636210176.0000000000 110337547253840.1250000000 0.0000000000
418462468587926465881362636210176.0000000000 110337547253840.1250000000 0.0000000000
418462468587926465881362636210176.0000000000 110337547253840.1250000000 0.0000000000
418462468587926465881362636210176.0000000000 110337547253840.1250000000 0.0000000000
418462468587926465881362636210176.0000000000 110337547253840.1250000000 0.0000000000
418462468587926465881362636210176.0000000000 110337547253840.1250000000 0.0000000000
418462468587926465881362636210176.0000000000 110337547253840.1250000000 0.0000000000
418462468587926465881362636210176.0000000000 110337547253840.1250000000 0.0000000000
418462468587926465881362636210176.0000000000 110337547253840.1250000000 0.0000000000
418462468587926465881362636210176.0000000000 110337547253840.1250000000 0.0000000000
418462468587926465881362636210176.0000000000 110337547253840.1250000000 0.0000000000
418462468587926465881362636210176.0000000000 110337547253840.1250000000 0.0000000000
418462468587926465881362636210176.0000000000 110337547253840.1250000000 0.0000000000
418462468587926465881362636210176.0000000000 110337547253840.1250000000 0.0000000000
418462468587926465881362636210176.0000000000 110337547253840.1250000000 0.0000000000
418462468587926465881362636210176.0000000000 110337547253840.1250000000 0.0000000000
418462468587926465881362636210176.0000000000 110337547253840.1250000000 0.0000000000
418462468587926465881362636210176.0000000000 110337547253840.1250000000 0.0000000000
418462468587926465881362636210176.0000000000 110337547253840.1250000000 0.0000000000
418462468587926465881362636210176.0000000000 110337547253840.1250000000 0.0000000000
418462468587926465881362636210176.0000000000 110337547253840.1250000000 0.0000000000
418462468587926465881362636210176.0000000000 110337547253840.1250000000 0.0000000000
418462468587926465881362636210176.0000000000 110337547253840.1250000000 0.0000000000
418462468587926465881362636210176.0000000000 110337547253840.1250000000 0.0000000000
418462468587926465881362636210176.0000000000 110337547253840.1250000000 0.0000000000
418462468587926465881362636210176.0000000000 110337547253840.1250000000 0.0000000000
418462468587926465881362636210176.0000000000 110337547253840.1250000000 0.0000000000
418462468587926465881362636210176.0000000000 110337547253840.1250000000 0.0000000000
418462468587926465881362636210176.0000000000 110337547253840.1250000000 0.0000000000
418462468587926465881362636210176.0000000000 110337547253840.1250000000 0.0000000000
418462468587926465881362636210176.0000000000 110337547253840.1250000000 0.0000000000
418462468587926465881362636210176.0000000000 110337547253840.1250000000 0.0000000000
418462468587926465881362636210176.0000000000 110337547253840.1250000000 0.0000000000
418462468587926465881362636210176.0000000000 110337547253840.1250000000 0.0000000000
418462468587926465881362636210176.0000000000 110337547253840.1250000000 0.0000000000
418462468587926465881362636210176.0000000000 110337547253840.1250000000 0.0000000000
418462468587926465881362636210176.0000000000 110337547253840.1250000000 0.0000000000
418462468587926465881362636210176.0000000000 110337547253840.1250000000 0.0000000000
418462468587926465881362636210176.0000000000 110337547253840.1250000000 0.0000000000
418462468587926465881362636210176.0000000000 110337547253840.1250000000 0.0000000000
418462468587926465881362636210176.0000000000 110337547253840.1250000000 0.0000000000
418462468587926465881362636210176.0000000000 110337547253840.1250000000 0.0000000000
418462468587926465881362636210176.0000000000 110337547253840.1250000000 0.0000000000
418462468587926465881362636210176.0000000000 110337547253840.1250000000 0.0000000000
418462468587926465881362636210176.0000000000 110337547253840.1250000000 0.0000000000
418462468587926465881362636210176.0000000000 110337547253840.1250000000 0.0000000000
418462468587926465881362636210176.0000000000 110337547253840.1250000000 0.0000000000
418462468587926465881362636210176.0000000000 110337547253840.1250000000 0.0000000000
418462468587926465881362636210176.0000000000 110337547253840.1250000000 0.0000000000
418462468587926465881362636210176.0000000000 110337547253840.1250000000 0.0000000000
418462468587926465881362636210176.0000000000 110337547253840.1250000000 0.0000000000
418462468587926465881362636210176.0000000000 110337547253840.1250000000 0.0000000000
418462468587926465881362636210176.0000000000 110337547253840.1250000000 0.0000000000
418462468587926465881362636210176.0000000000 110337547253840.1250000000 0.0000000000
418462468587926465881362636210176.0000000000 110337547253840.1250000000 0.0000000000
418462468587926465881362636210176.0000000000 110337547253840.1250000000 0.0000000000
418462468587926465881362636210176.0000000000 110337547253840.1250000000 0.0000000000
418462468587926465881362636210176.0000000000 110337547253840.1250000000 0.0000000000
418462468587926465881362636210176.0000000000 110337547253840.1250000000 0.0000000000
418462468587926465881362636210176.0000000000 110337547253840.1250000000 0.0000000000
418462468587926465881362636210176.0000000000 110337547253840.1250000000 0.0000000000
418462468587926465881362636210176.0000000000 110337547253840.1250000000 0.0000000000
418462468587926465881362636210176.0000000000 110337547253840.1250000000 0.0000000000
418462468587926465881362636210176.0000000000 110337547253840.1250000000 0.0000000000
418462468587926465881362636210176.0000000000 110337547253840.1250000000 0.0000000000
418462468587926465881362636210176.0000000000 110337547253840.1250000000 0.0000000000
418462468587926465881362636210176.0000000000 110337547253840.1250000000 0.0000000000
418462468587926465881362636210176.0000000000 110337547253840.1250000000 0.0000000000
418462468587926465881362636210176.0000000000 110337547253840.1250000000 0.0000000000
418462468587926465881362636210176.0000000000 110337547253840.1250000000 0.0000000000
418462468587926465881362636210176.0000000000 110337547253840.1250000000 0.0000000000
418462468587926465881362636210176.0000000000 110337547253840.1250000000 0.0000000000
418462468587926465881362636210176.0000000000 110337547253840.1250000000 0.0000000000
418462468587926465881362636210176.0000000000 110337547253840.1250000000 0.0000000000
418462468587926465881362636210176.0000000000 110337547253840.1250000000 0.0000000000
418462468587926465881362636210176.0000000000 110337547253840.1250000000 0.0000000000
418462468587926465881362636210176.0000000000 110337547253840.1250000000 0.0000000000
418462468587926465881362636210176.0000000000 110337547253840.1250000000 0.0000000000
418462468587926465881362636210176.0000000000 110337547253840.1250000000 0.0000000000
418462468587926465881362636210176.0000000000 110337547253840.1250000000 0.0000000000
418462468587926465881362636210176.0000000000 110337547253840.1250000000 0.0000000000
418462468587926465881362636210176.0000000000 110337547253840.1250000000 0.0000000000
418462468587926465881362636210176.0000000000 110337547253840.1250000000 0.0000000000
418462468587926465881362636210176.0000000000 110337547253840.1250000000 0.0000000000
418462468587926465881362636210176.0000000000 110337547253840.1250000000 0.0000000000
418462468587926465881362636210176.0000000000 110337547253840.1250000000 0.0000000000
418462468587926465881362636210176.0000000000 110337547253840.1250000000 0.0000000000
418462468587926465881362636210176.0000000000 110337547253840.1250000000 0.0000000000
418462468587926465881362636210176.0000000000 110337547253840.1250000000 0.0000000000
418462468587926465881362636210176.0000000000 110337547253840.1250000000 0.0000000000
418462468587926465881362636210176.0000000000 110337547253840.1250000000 0.0000000000
418462468587926465881362636210176.0000000000 110337547253840.1250000000 0.0000000000
418462468587926465881362636210176.0000000000 110337547253840.1250000000 0.0000000000
418462468587926465881362636210176.0000000000 110337547253840.1250000000 0.0000000000
418462468587926465881362636210176.0000000000 110337547253840.1250000000 0.0000000000
418462468587926465881362636210176.0000000000 110337547253840.1250000000 0.0000000000
418462468587926465881362636210176.0000000000 110337547253840.1250000000 0.0000000000
418462468587926465881362636210176.0000000000 110337547253840.1250000000 0.0000000000
418462468587926465881362636210176.0000000000 110337547253840.1250000000 0.0000000000
418462468587926465881362636210176.0000000000 110337547253840.1250000000 0.0000000000
418462468587926465881362636210176.0000000000 110337547253840.1250000000 0.0000000000
418462468587926465881362636210176.0000000000 110337547253840.1250000000 0.0000000000
418462468587926465881362636210176.0000000000 110337547253840.1250000000 0.0000000000
418462468587926465881362636210176.0000000000 110337547253840.1250000000 0.0000000000
418462468587926465881362636210176.0000000000 110337547253840.1250000000 0.0000000000
418462468587926465881362636210176.0000000000 110337547253840.1250000000 0.0000000000
418462468587926465881362636210176.0000000000 110337547253840.1250000000 0.0000000000
418462468587926465881362636210176.0000000000 110337547253840.1250000000 0.0000000000
418462468587926465881362636210176.0000000000 110337547253840.1250000000 0.0000000000
418462468587926465881362636210176.0000000000 110337547253840.1250000000 0.0000000000
418462468587926465881362636210176.0000000000 110337547253840.1250000000 0.0000000000
418462468587926465881362636210176.0000000000 110337547253840.1250000000 0.0000000000
418462468587926465881362636210176.0000000000 110337547253840.1250000000 0.0000000001
418462468587926465881362636210176.0000000000 110337547253840.1250000000 0.0000000001
418462468587926465881362636210176.0000000000 110337547253840.1250000000 0.0000000001
418462468587926465881362636210176.0000000000 110337547253840.1250000000 0.0000000001
418462468587926465881362636210176.0000000000 110337547253840.1250000000 0.0000000001
418462468587926465881362636210176.0000000000 110337547253840.1250000000 0.0000000001
418462468587926465881362636210176.0000000000 110337547253840.1250000000 0.0000000001
418462468587926465881362636210176.0000000000 110337547253840.1250000000 0.0000000001
418462468587926465881362636210176.0000000000 110337547253840.1250000000 0.0000000001
418462468587926465881362636210176.0000000000 110337547253840.1250000000 0.0000000001
418462468587926465881362636210176.0000000000 110337547253840.1250000000 0.0000000001
418462468587926465881362636210176.0000000000 110337547253840.1250000000 0.0000000001
418462468587926465881362636210176.0000000000 110337547253840.1250000000 0.0000000001
418462468587926465881362636210176.0000000000 110337547253840.1250000000 0.0000000001
418462468587926465881362636210176.0000000000 110337547253840.1250000000 0.0000000001
418462468587926465881362636210176.0000000000 110337547253840.1250000000 0.0000000002
418462468587926465881362636210176.0000000000 110337547253840.1250000000 0.0000000002
418462468587926465881362636210176.0000000000 110337547253840.1250000000 0.0000000002
418462468587926465881362636210176.0000000000 110337547253840.1250000000 0.0000000002
418462468587926465881362636210176.0000000000 110337547253840.1250000000 0.0000000002
418462468587926465881362636210176.0000000000 110337547253840.1250000000 0.0000000002
418462468587926465881362636210176.0000000000 110337547253840.1250000000 0.0000000002
418462468587926465881362636210176.0000000000 110337547253840.1250000000 0.0000000003
418462468587926465881362636210176.0000000000 110337547253840.1250000000 0.0000000003
418462468587926465881362636210176.0000000000 110337547253840.1250000000 0.0000000003
418462468587926465881362636210176.0000000000 110337547253840.1250000000 0.0000000003
418462468587926465881362636210176.0000000000 110337547253840.1250000000 0.0000000004
418462468587926465881362636210176.0000000000 110337547253840.1250000000 0.0000000004
418462468587926465881362636210176.0000000000 110337547253840.1250000000 0.0000000004
418462468587926465881362636210176.0000000000 110337547253840.1250000000 0.0000000004
418462468587926465881362636210176.0000000000 110337547253840.1250000000 0.0000000005
418462468587926465881362636210176.0000000000 110337547253840.1250000000 0.0000000005
418462468587926465881362636210176.0000000000 110337547253840.1250000000 0.0000000006
418462468587926465881362636210176.0000000000 110337547253840.1250000000 0.0000000006
418462468587926465881362636210176.0000000000 110337547253840.1250000000 0.0000000006
418462468587926465881362636210176.0000000000 110337547253840.1250000000 0.0000000007
418462468587926465881362636210176.0000000000 110337547253840.1250000000 0.0000000008
418462468587926465881362636210176.0000000000 110337547253840.1250000000 0.0000000008
418462468587926465881362636210176.0000000000 110337547253840.1250000000 0.0000000009
418462468587926465881362636210176.0000000000 110337547253840.1250000000 0.0000000009
418462468587926465881362636210176.0000000000 110337547253840.1250000000 0.0000000010
418462468587926465881362636210176.0000000000 110337547253840.1250000000 0.0000000011
418462468587926465881362636210176.0000000000 110337547253840.1250000000 0.0000000012
418462468587926465881362636210176.0000000000 110337547253840.1250000000 0.0000000013
418462468587926465881362636210176.0000000000 110337547253840.1250000000 0.0000000014
418462468587926465881362636210176.0000000000 110337547253840.1250000000 0.0000000015
418462468587926465881362636210176.0000000000 110337547253840.1250000000 0.0000000016
418462468587926465881362636210176.0000000000 110337547253840.1250000000 0.0000000017
418462468587926465881362636210176.0000000000 110337547253840.1250000000 0.0000000018
418462468587926465881362636210176.0000000000 110337547253840.1250000000 0.0000000020
418462468587926465881362636210176.0000000000 110337547253840.1250000000 0.0000000021
418462468587926465881362636210176.0000000000 110337547253840.1250000000 0.0000000023
418462468587926465881362636210176.0000000000 110337547253840.1250000000 0.0000000024
418462468587926465881362636210176.0000000000 110337547253840.1250000000 0.0000000026
418462468587926465881362636210176.0000000000 110337547253840.1250000000 0.0000000028
418462468587926465881362636210176.0000000000 110337547253840.1250000000 0.0000000031
418462468587926465881362636210176.0000000000 110337547253840.1250000000 0.0000000033
418462468587926465881362636210176.0000000000 110337547253840.1250000000 0.0000000035
418462468587926465881362636210176.0000000000 110337547253840.1250000000 0.0000000038
418462468587926465881362636210176.0000000000 110337547253840.1250000000 0.0000000041
418462468587926465881362636210176.0000000000 110337547253840.1250000000 0.0000000044
418462468587926465881362636210176.0000000000 110337547253840.1250000000 0.0000000048
418462468587926465881362636210176.0000000000 110337547253840.1250000000 0.0000000051
418462468587926465881362636210176.0000000000 110337547253840.1250000000 0.0000000055
418462468587926465881362636210176.0000000000 110337547253840.1250000000 0.0000000059
418462468587926465881362636210176.0000000000 110337547253840.1250000000 0.0000000064
418462468587926465881362636210176.0000000000 110337547253840.1250000000 0.0000000069
418462468587926465881362636210176.0000000000 110337547253840.1250000000 0.0000000074
418462468587926465881362636210176.0000000000 110337547253840.1250000000 0.0000000080
418462468587926465881362636210176.0000000000 110337547253840.1250000000 0.0000000086
418462468587926465881362636210176.0000000000 110337547253840.1250000000 0.0000000093
418462468587926465881362636210176.0000000000 110337547253840.1250000000 0.0000000100
418462468587926465881362636210176.0000000000 110337547253840.1250000000 0.0000000107
418462468587926465881362636210176.0000000000 110337547253840.1250000000 0.0000000115
418462468587926465881362636210176.0000000000 110337547253840.1250000000 0.0000000124
418462468587926465881362636210176.0000000000 110337547253840.1250000000 0.0000000134
418462468587926465881362636210176.0000000000 110337547253840.1250000000 0.0000000144
418462468587926465881362636210176.0000000000 110337547253840.1250000000 0.0000000155
418462468587926465881362636210176.0000000000 110337547253840.1250000000 0.0000000167
418462468587926465881362636210176.0000000000 110337547253840.1250000000 0.0000000180
418462468587926465881362636210176.0000000000 110337547253840.1250000000 0.0000000194
418462468587926465881362636210176.0000000000 110337547253840.1250000000 0.0000000209
418462468587926465881362636210176.0000000000 110337547253840.1250000000 0.0000000225
418462468587926465881362636210176.0000000000 110337547253840.1250000000 0.0000000242
418462468587926465881362636210176.0000000000 110337547253840.1250000000 0.0000000260
418462468587926465881362636210176.0000000000 110337547253840.1250000000 0.0000000280
418462468587926465881362636210176.0000000000 110337547253840.1250000000 0.0000000302
418462468587926465881362636210176.0000000000 110337547253840.1250000000 0.0000000325
418462468587926465881362636210176.0000000000 110337547253840.1250000000 0.0000000350
418462468587926465881362636210176.0000000000 110337547253840.1250000000 0.0000000377
418462468587926465881362636210176.0000000000 110337547253840.1250000000 0.0000000405
418462468587926465881362636210176.0000000000 110337547253840.1250000000 0.0000000437
418462468587926465881362636210176.0000000000 110337547253840.1250000000 0.0000000470
418462468587926465881362636210176.0000000000 110337547253840.1250000000 0.0000000506
418462468587926465881362636210176.0000000000 110337547253840.1250000000 0.0000000545
418462468587926465881362636210176.0000000000 110337547253840.1250000000 0.0000000587
418462468587926465881362636210176.0000000000 110337547253840.1250000000 0.0000000632
418462468587926465881362636210176.0000000000 110337547253840.1250000000 0.0000000680
418462468587926465881362636210176.0000000000 110337547253840.1250000000 0.0000000732
418462468587926465881362636210176.0000000000 110337547253840.1250000000 0.0000000788
418462468587926465881362636210176.0000000000 110337547253840.1250000000 0.0000000849
418462468587926465881362636210176.0000000000 110337547253840.1250000000 0.0000000914
418462468587926465881362636210176.0000000000 110337547253840.1250000000 0.0000000984
418462468587926465881362636210176.0000000000 110337547253840.1250000000 0.0000001059
418462468587926465881362636210176.0000000000 110337547253840.1250000000 0.0000001140
418462468587926465881362636210176.0000000000 110337547253840.1250000000 0.0000001228
418462468587926465881362636210176.0000000000 110337547253840.1250000000 0.0000001322
418462468587926465881362636210176.0000000000 110337547253840.1250000000 0.0000001423
418462468587926465881362636210176.0000000000 110337547253840.1250000000 0.0000001533
418462468587926465881362636210176.0000000000 110337547253840.1250000000 0.0000001650
418462468587926465881362636210176.0000000000 110337547253840.1250000000 0.0000001776
418462468587926465881362636210176.0000000000 110337547253840.1250000000 0.0000001913
418462468587926465881362636210176.0000000000 110337547253840.1250000000 0.0000002059
418462468587926465881362636210176.0000000000 110337547253840.1250000000 0.0000002217
418462468587926465881362636210176.0000000000 110337547253840.1250000000 0.0000002387
418462468587926465881362636210176.0000000000 110337547253840.1250000000 0.0000002570
418462468587926465881362636210176.0000000000 110337547253840.1250000000 0.0000002767
418462468587926465881362636210176.0000000000 110337547253840.1250000000 0.0000002979
418462468587926465881362636210176.0000000000 110337547253840.1250000000 0.0000003208
418462468587926465881362636210176.0000000000 110337547253840.1250000000 0.0000003454
418462468587926465881362636210176.0000000000 110337547253840.1250000000 0.0000003719
418462468587926465881362636210176.0000000000 110337547253840.1250000000 0.0000004004
418462468587926465881362636210176.0000000000 110337547253840.1250000000 0.0000004311
418462468587926465881362636210176.0000000000 110337547253840.1250000000 0.0000004641
418462468587926465881362636210176.0000000000 110337547253840.1250000000 0.0000004997
418462468587926465881362636210176.0000000000 110337547253840.1250000000 0.0000005380
418462468587926465881362636210176.0000000000 110337547253840.1250000000 0.0000005792
418462468587926465881362636210176.0000000000 110337547253840.1250000000 0.0000006237
418462468587926465881362636210176.0000000000 110337547253840.1250000000 0.0000006715
418462468587926465881362636210176.0000000000 110337547253840.1250000000 0.0000007229
418462468587926465881362636210176.0000000000 110337547253840.1250000000 0.0000007784
418462468587926465881362636210176.0000000000 110337547253840.1250000000 0.0000008381
418462468587926465881362636210176.0000000000 110337547253840.1250000000 0.0000009023
418462468587926465881362636210176.0000000000 110337547253840.1250000000 0.0000009715
418462468587926465881362636210176.0000000000 110337547253840.1250000000 0.0000010460
418462468587926465881362636210176.0000000000 110337547253840.1250000000 0.0000011261
418462468587926465881362636210176.0000000000 110337547253840.1250000000 0.0000012125
418462468587926465881362636210176.0000000000 110337547253840.1250000000 0.0000013054
418462468587926465881362636210176.0000000000 110337547253840.1250000000 0.0000014055
418462468587926465881362636210176.0000000000 110337547253840.1250000000 0.0000015133
418462468587926465881362636210176.0000000000 110337547253840.1250000000 0.0000016293
418462468587926465881362636210176.0000000000 110337547253840.1250000000 0.0000017542
418462468587926465881362636210176.0000000000 110337547253840.1250000000 0.0000018887
418462468587926465881362636210176.0000000000 110337547253840.1250000000 0.0000020335
418462468587926465881362636210176.0000000000 110337547253840.1250000000 0.0000021894
418462468587926465881362636210176.0000000000 110337547253840.1250000000 0.0000023573
418462468587926465881362636210176.0000000000 110337547253840.1250000000 0.0000025380
418462468587926465881362636210176.0000000000 110337547253840.1250000000 0.0000027326
418462468587926465881362636210176.0000000000 110337547253840.1250000000 0.0000029421
418462468587926465881362636210176.0000000000 110337547253840.1250000000 0.0000031676
418462468587926465881362636210176.0000000000 110337547253840.1250000000 0.0000034105
418462468587926465881362636210176.0000000000 110337547253840.1250000000 0.0000036719
418462468587926465881362636210176.0000000000 110337547253840.1250000000 0.0000039535
418462468587926465881362636210176.0000000000 110337547253840.1250000000 0.0000042566
418462468587926465881362636210176.0000000000 110337547253840.1250000000 0.0000045829
418462468587926465881362636210176.0000000000 110337547253840.1250000000 0.0000049342
418462468587926465881362636210176.0000000000 110337547253840.1250000000 0.0000053125
418462468587926465881362636210176.0000000000 110337547253840.1250000000 0.0000057198
418462468587926465881362636210176.0000000000 110337547253840.1250000000 0.0000061584
418462468587926465881362636210176.0000000000 110337547253840.1250000000 0.0000066305
418462468587926465881362636210176.0000000000 110337547253840.1250000000 0.0000071388
418462468587926465881362636210176.0000000000 110337547253840.1250000000 0.0000076861
418462468587926465881362636210176.0000000000 110337547253840.1250000000 0.0000082754
418462468587926465881362636210176.0000000000 110337547253840.1250000000 0.0000089099
418462468587926465881362636210176.0000000000 110337547253840.1250000000 0.0000095929
418462468587926465881362636210176.0000000000 110337547253840.1250000000 0.0000103284
418462468587926465881362636210176.0000000000 110337547253840.1250000000 0.0000111202
418462468587926465881362636210176.0000000000 110337547253840.1250000000 0.0000119728
418462468587926465881362636210176.0000000000 110337547253840.1250000000 0.0000128907
418462468587926465881362636210176.0000000000 110337547253840.1250000000 0.0000138790
418462468587926465881362636210176.0000000000 110337547253840.1250000000 0.0000149431
418462468587926465881362636210176.0000000000 110337547253840.1250000000 0.0000160887
418462468587926465881362636210176.0000000000 110337547253840.1250000000 0.0000173222
418462468587926465881362636210176.0000000000 110337547253840.1250000000 0.0000186502
418462468587926465881362636210176.0000000000 110337547253840.1250000000 0.0000200800
418462468587926465881362636210176.0000000000 110337547253840.1250000000 0.0000216195
418462468587926465881362636210176.0000000000 110337547253840.1250000000 0.0000232770
418462468587926465881362636210176.0000000000 110337547253840.1250000000 0.0000250616
418462468587926465881362636210176.0000000000 110337547253840.1250000000 0.0000269830
418462468587926465881362636210176.0000000000 110337547253840.1250000000 0.0000290517
418462468587926465881362636210176.0000000000 110337547253840.1250000000 0.0000312790
418462468587926465881362636210176.0000000000 110337547253840.1250000000 0.0000336770
418462468587926465881362636210176.0000000000 110337547253840.1250000000 0.0000362589
418462468587926465881362636210176.0000000000 110337547253840.1250000000 0.0000390388
418462468587926465881362636210176.0000000000 110337547253840.1250000000 0.0000420317
418462468587926465881362636210176.0000000000 110337547253840.1250000000 0.0000452542
418462468587926465881362636210176.0000000000 110337547253840.1250000000 0.0000487237
418462468587926465881362636210176.0000000000 110337547253840.1250000000 0.0000524591
418462468587926465881362636210176.0000000000 110337547253840.1250000000 0.0000564810
418462468587926465881362636210176.0000000000 110337547253840.1250000000 0.0000608112
418462468587926465881362636210176.0000000000 110337547253840.1250000000 0.0000654734
418462468587926465881362636210176.0000000000 110337547253840.1250000000 0.0000704930
418462468587926465881362636210176.0000000000 110337547253840.1250000000 0.0000758975
418462468587926465881362636210176.0000000000 110337547253840.1250000000 0.0000817163
418462468587926465881362636210176.0000000000 110337547253840.1250000000 0.0000879812
418462468587926465881362636210176.0000000000 110337547253840.1250000000 0.0000947265
418462468587926465881362636210176.0000000000 110337547253840.1250000000 0.0001019888
418462468587926465881362636210176.0000000000 110337547253840.1250000000 0.0001098080
418462468587926465881362636210176.0000000000 110337547253840.1250000000 0.0001182266
418462468587926465881362636210176.0000000000 110337547253840.1250000000 0.0001272906
418462468587926465881362636210176.0000000000 110337547253840.1250000000 0.0001370495
418462468587926465881362636210176.0000000000 110337547253840.1250000000 0.0001475567
418462468587926465881362636210176.0000000000 110337547253840.1250000000 0.0001588694
418462468587926465881362636210176.0000000000 110337547253840.1250000000 0.0001710493
418462468587926465881362636210176.0000000000 110337547253840.1250000000 0.0001841631
418462468587926465881362636210176.0000000000 110337547253840.1250000000 0.0001982823
418462468587926465881362636210176.0000000000 110337547253840.1250000000 0.0002134839
418462468587926465881362636210176.0000000000 110337547253840.1250000000 0.0002298510
418462468587926465881362636210176.0000000000 110337547253840.1250000000 0.0002474730
418462468587926465881362636210176.0000000000 110337547253840.1250000000 0.0002664459
418462468587926465881362636210176.0000000000 110337547253840.1250000000 0.0002868734
418462468587926465881362636210176.0000000000 110337547253840.1250000000 0.0003088670
418462468587926465881362636210176.0000000000 110337547253840.1250000000 0.0003325468
418462468587926465881362636210176.0000000000 110337547253840.1250000000 0.0003580421
418462468587926465881362636210176.0000000000 110337547253840.1250000000 0.0003854920
418462468587926465881362636210176.0000000000 110337547253840.1250000000 0.0004150464
418462468587926465881362636210176.0000000000 110337547253840.1250000000 0.0004468666
418462468587926465881362636210176.0000000000 110337547253840.1250000000 0.0004811264
418462468587926465881362636210176.0000000000 110337547253840.1250000000 0.0005180127
418462468587926465881362636210176.0000000000 110337547253840.1250000000 0.0005577270
418462468587926465881362636210176.0000000000 110337547253840.1250000000 0.0006004861
418462468587926465881362636210176.0000000000 110337547253840.1250000000 0.0006465234
418462468587926465881362636210176.0000000000 110337547253840.1250000000 0.0006960902
418462468587926465881362636210176.0000000000 110337547253840.1250000000 0.0007494571
418462468587926465881362636210176.0000000000 110337547253840.1250000000 0.0008069155
418462468587926465881362636210176.0000000000 110337547253840.1250000000 0.0008687790
418462468587926465881362636210176.0000000000 110337547253840.1250000000 0.0009353854
418462468587926465881362636210176.0000000000 110337547253840.1250000000 0.0010070982
418462468587926465881362636210176.0000000000 110337547253840.1250000000 0.0010843091
418462468587926465881362636210176.0000000000 110337547253840.1250000000 0.0011674395
418462468587926465881362636210176.0000000000 110337547253840.1250000000 0.0012569432
418462468587926465881362636210176.0000000000 110337547253840.1250000000 0.0013533088
418462468587926465881362636210176.0000000000 110337547253840.1250000000 0.0014570625
418462468587926465881362636210176.0000000000 110337547253840.1250000000 0.0015687706
418462468587926465881362636210176.0000000000 110337547253840.1250000000 0.0016890430
418462468587926465881362636210176.0000000000 110337547253840.1250000000 0.0018185363
418462468587926465881362636210176.0000000000 110337547253840.1250000000 0.0019579574
418462468587926465881362636210176.0000000000 110337547253840.1250000000 0.0021080675
418462468587926465881362636210176.0000000000 110337547253840.1250000000 0.0022696860
418462468587926465881362636210176.0000000000 110337547253840.1250000000 0.0024436953
418462468587926465881362636210176.0000000000 110337547253840.1250000000 0.0026310452
418462468587926465881362636210176.0000000000 110337547253840.1250000000 0.0028327587
418462468587926465881362636210176.0000000000 110337547253840.1250000000 0.0030499369
418462468587926465881362636210176.0000000000 110337547253840.1250000000 0.0032837653
418462468587926465881362636210176.0000000000 110337547253840.1250000000 0.0035355207
418462468587926465881362636210176.0000000000 110337547253840.1250000000 0.0038065773
418462468587926465881362636210176.0000000000 110337547253840.1250000000 0.0040984149
418462468587926465881362636210176.0000000000 110337547253840.1250000000 0.0044126267
418462468587926465881362636210176.0000000000 110337547253840.1250000000 0.0047509281
418462468587926465881362636210176.0000000000 110337547253840.1250000000 0.0051151659
418462468587926465881362636210176.0000000000 110337547253840.1250000000 0.0055073286
418462468587926465881362636210176.0000000000 110337547253840.1250000000 0.0059295571
418462468587926465881362636210176.0000000000 110337547253840.1250000000 0.0063841565
418462468587926465881362636210176.0000000000 110337547253840.1250000000 0.0068736085
418462468587926465881362636210176.0000000000 110337547253840.1250000000 0.0074005851
418462468587926465881362636210176.0000000000 110337547253840.1250000000 0.0079679633
418462468587926465881362636210176.0000000000 110337547253840.1250000000 0.0085788405
418462468587926465881362636210176.0000000000 110337547253840.1250000000 0.0092365516
418462468587926465881362636210176.0000000000 110337547253840.1250000000 0.0099446873
418462468587926465881362636210176.0000000000 110337547253840.1250000000 0.0107071133
418462468587926393823768598282240.0000000000 110337547253840.1250000000 0.0115279920
418462468587926321766174560354304.0000000000 110337547253840.1093750000 0.0124118047
418462468587926249708580522426368.0000000000 110337547253840.0937500000 0.0133633764
418462468587926177650986484498432.0000000000 110337547253840.0937500000 0.0143879019
418462468587926105593392446570496.0000000000 110337547253840.0781250000 0.0154909744
418462468587926033535798408642560.0000000000 110337547253840.0625000000 0.0166786157
418462468587925961478204370714624.0000000000 110337547253840.0468750000 0.0179573096
418462468587925889420610332786688.0000000000 110337547253840.0468750000 0.0193340367
418462468587925745305422256930816.0000000000 110337547253840.0156250000 0.0208163128
418462468587925601190234181074944.0000000000 110337547253840.0000000000 0.0224122302
418462468587925457075046105219072.0000000000 110337547253839.9687500000 0.0241305011
418462468587925240902263991435264.0000000000 110337547253839.9375000000 0.0259805062
418462468587925024729481877651456.0000000000 110337547253839.9062500000 0.0279723450
418462468587924808556699763867648.0000000000 110337547253839.8750000000 0.0301168915
418462468587924520326323612155904.0000000000 110337547253839.8281250000 0.0324258532
418462468587924160038353422516224.0000000000 110337547253839.7812500000 0.0349118352
418462468587923799750383232876544.0000000000 110337547253839.7187500000 0.0375884093
418462468587923367404819005308928.0000000000 110337547253839.6562500000 0.0404701873
418462468587922863001660739813376.0000000000 110337547253839.5781250000 0.0435729017
418462468587922286540908436389888.0000000000 110337547253839.4843750000 0.0469134908
418462468587921565964968057110528.0000000000 110337547253839.3750000000 0.0505101918
418462468587920773331433639903232.0000000000 110337547253839.2500000000 0.0543826398
418462468587919836582711146840064.0000000000 110337547253839.1093750000 0.0585519755
418462468587918755718800577921024.0000000000 110337547253838.9375000000 0.0630409603
418462468587917458682107895218176.0000000000 110337547253838.7343750000 0.0678741006
418462468587916017530227136659456.0000000000 110337547253838.5156250000 0.0730777817
418462468587914288147970226388992.0000000000 110337547253838.2500000000 0.0786804116
418462468587912342592931202334720.0000000000 110337547253837.9375000000 0.0847125765
418462468587910036749921988640768.0000000000 110337547253837.5781250000 0.0912072073
418462468587907370618942585307136.0000000000 110337547253837.1718750000 0.0981997599
418462468587904272142398954405888.0000000000 110337547253836.6875000000 0.1057284082
418462468587900669262697058009088.0000000000 110337547253836.1250000000 0.1138342528
418462468587896561979836896116736.0000000000 110337547253835.5000000000 0.1225615455
418462468587891734121036354945024.0000000000 110337547253834.7500000000 0.1319579307
418462468587886185686295434493952.0000000000 110337547253833.8750000000 0.1420747053
418462468587879772560426058907648.0000000000 110337547253832.8906250000 0.1529670994
418462468587872278570646114402304.0000000000 110337547253831.7187500000 0.1646945770
418462468587863631659361563049984.0000000000 110337547253830.3906250000 0.1773211613
418462468587853615653790291066880.0000000000 110337547253828.8281250000 0.1909157837
418462468587841942323556146741248.0000000000 110337547253827.0156250000 0.2055526604
418462468587828467553471054217216.0000000000 110337547253824.9218750000 0.2213116977
418462468587812831055564823855104.0000000000 110337547253822.5000000000 0.2382789279
418462468587794672541867266015232.0000000000 110337547253819.6875000000 0.2565469790
418462468587773631724408191057920.0000000000 110337547253816.4218750000 0.2762155807
418462468587749276257623371415552.0000000000 110337547253812.6406250000 0.2973921086
418462468587721029680760503664640.0000000000 110337547253808.2656250000 0.3201921702
418462468587688315533067284381696.0000000000 110337547253803.1875000000 0.3447402366
418462468587650341181009296359424.0000000000 110337547253797.2968750000 0.3711703214
418462468587606313991052122390528.0000000000 110337547253790.4687500000 0.3996267127
418462468587555297214473269411840.0000000000 110337547253782.5468750000 0.4302647607
418462468587496209987362168504320.0000000000 110337547253773.3906250000 0.4632517257
418462468587427683215432099037184.0000000000 110337547253762.7500000000 0.4987676913
418462468587348275746802302451712.0000000000 110337547253750.4375000000 0.5370065477
418462468587256186141621830549504.0000000000 110337547253736.1562500000 0.5781770496
418462468587149468844851659276288.0000000000 110337547253719.5937500000 0.6225039568
418462468587025745955888537010176.0000000000 110337547253700.4062500000 0.6702292601
418462468586882279286159022489600.0000000000 110337547253678.1406250000 0.7216135034
418462468586715970359119484813312.0000000000 110337547253652.3437500000 0.7769372053
418462468586523216295068027584512.0000000000 110337547253622.4531250000 0.8365023911
418462468586299765695956413054976.0000000000 110337547253587.7812500000 0.9006342411
418462468586040718645390062125056.0000000000 110337547253547.5937500000 0.9696828662
418462468585740454651034016415744.0000000000 110337547253501.0156250000 1.0440252193
418462468585392344414236786556928.0000000000 110337547253447.0156250000 1.1240671528
418462468584988821887624390115328.0000000000 110337547253384.4218750000 1.2102456345
418462468584521096044724199882752.0000000000 110337547253311.8593750000 1.3030311331
418462468583978862649588792164352.0000000000 110337547253227.7500000000 1.4029301867
418462468583350304256795946778624.0000000000 110337547253130.2343750000 1.5104881677
418462468582621729923478457417728.0000000000 110337547253017.2187500000 1.6262922605
418462468581777142863759904079872.0000000000 110337547252886.1875000000 1.7509746671
418462468580798096333566577213440.0000000000 110337547252734.3125000000 1.8852160583
418462468579663117169875174293504.0000000000 110337547252558.2500000000 2.0297492894
418462468578347489617930686038016.0000000000 110337547252354.1562500000 2.1853634016
418462468576822390640117941272576.0000000000 110337547252117.5625000000 2.3529079291
418462468575054457570397379362816.0000000000 110337547251843.3125000000 2.5332975370
418462468573005067538364670935040.0000000000 110337547251525.3906250000 2.7275170148
418462468570629400720528224813056.0000000000 110337547251156.8437500000 2.9366266526
418462468567875503591586694955008.0000000000 110337547250729.6406250000 3.1617680293
418462468564683136002924373606400.0000000000 110337547250234.4062500000 3.4041702449
418462468560982474145918508597248.0000000000 110337547249660.3281250000 3.6651566303
418462468556692669400058544783360.0000000000 110337547248994.8593750000 3.9461519720
418462468551719830720313062064128.0000000000 110337547248223.4218750000 4.2486902898
418462468545955295254872865112064.0000000000 110337547247329.1718750000 4.5744232120
418462468539272962214171580039168.0000000000 110337547246292.5468750000 4.9251289916
418462468531526770855094326919168.0000000000 110337547245090.8906250000 5.3027222142
418462468522547241716463899246592.0000000000 110337547243697.9062500000 5.7092642506
418462468512138089912120981323776.0000000000 110337547242083.1406250000 6.1469745098
418462468500071685502499758800896.0000000000 110337547240211.2812500000 6.6182425556
418462468486084153578233339576320.0000000000 110337547238041.4062500000 7.1256411514
418462468469869681710224757489664.0000000000 110337547235526.0625000000 7.6719403063
418462468451073674478213369167872.0000000000 110337547232610.2500000000 8.2601223964
418462468429285115365806833664000.0000000000 110337547229230.2187500000 8.8933984468
418462468404027631618820409393152.0000000000 110337547225312.0312500000 9.5752256609
418462468374748829721359340797952.0000000000 110337547220770.0312500000 10.3093262948
418462468340808550007990676094976.0000000000 110337547215504.9062500000 11.0997079772
418462468301464599260123757543424.0000000000 110337547209401.5156250000 11.9506855886
418462468255856609804945725587456.0000000000 110337547202326.3750000000 12.8669048169
418462468202987376598565695520768.0000000000 110337547194124.8125000000 13.8533675192
418462468141700735544645113610240.0000000000 110337547184617.4531250000 14.9154590286
418462468070656631566860634030080.0000000000 110337547173596.4375000000 16.0589775537
418462467988301502937754530480128.0000000000 110337547160820.7500000000 17.2901658323
418462467892834486267130907983872.0000000000 110337547146011.0156250000 18.6157452120
418462467782168073055710994235392.0000000000 110337547128843.4218750000 20.0429523441
418462467653882353122919055360000.0000000000 110337547108942.5468750000 21.5795786894
418462467505172124332858556809216.0000000000 110337547085873.2343750000 23.2340130542
418462467332785571581785886687232.0000000000 110337547059131.0312500000 25.0152873866
418462467132953145952794920878080.0000000000 110337547028131.1718750000 26.9331260841
418462466901305202885831671414784.0000000000 110337546992195.7968750000 28.9979990812
418462466632776309692811918180352.0000000000 110337546950539.1093750000 31.2211790074
418462466321494637150772989526016.0000000000 110337546902250.2031250000 33.6148027271
418462465960653480811704136761344.0000000000 110337546846273.1875000000 36.1919375977
418462465542362390013264175038464.0000000000 110337546781383.9843750000 38.9666528070
418462465057474661998654683873280.0000000000 110337546706163.7031250000 41.9540961808
418462464495387454150758795051008.0000000000 110337546618967.5312500000 45.1705768779
418462463843809686481745026744320.0000000000 110337546517888.7343750000 48.6336544259
418462463088493555037681964023808.0000000000 110337546400717.0937500000 52.3622345828
418462462212922666631542106750976.0000000000 110337546264890.4218750000 56.3766725478
418462461197951174412259926474752.0000000000 110337546107438.6250000000 60.6988840853
418462460021384907070589391339520.0000000000 110337545924918.7500000000 65.3524651678
418462458657496277116040635219968.0000000000 110337545713339.7031250000 70.3628207925
418462457076461439009849702612992.0000000000 110337545468074.9062500000 75.7573036722
418462455243708239996529338744832.0000000000 110337545183761.2343750000 81.5653635608
418462453119160408000005163450368.0000000000 110337544854181.6718750000 87.8187080262
418462450656360970992144277831680.0000000000 110337544472129.3906250000 94.5514755487
418462447801456533147196632072192.0000000000 110337544029250.1406250000 101.8004218917
418462444492019637582433169178624.0000000000 110337543515859.5937500000 109.6051207589
418462440655683707296691318161408.0000000000 110337542920731.5781250000 118.0081798367
418462436208560516290114020704256.0000000000 110337542230852.5937500000 127.0554733991
418462431053406035565508313481216.0000000000 110337541431137.2187500000 136.7963927454
418462425077493797355503960981504.0000000000 110337540504098.2812500000 147.2841158386
418462418150150093060892092530688.0000000000 110337539429464.4843750000 158.5758976153
418462410119896601416645207916544.0000000000 110337538183737.0781250000 170.7333825530
418462400811137828836399592243200.0000000000 110337536739676.0937500000 183.8229412004
418462390020321664629332401717248.0000000000 110337535065704.6093750000 197.9160325083
418462377511488311358844817113088.0000000000 110337533125218.3593750000 213.0895939388
418462363011110456706288138059776.0000000000 110337530875785.2656250000 229.4264614821
418462346202112421108221726425088.0000000000 110337528268217.6093750000 247.0158218750
418462326716936559885301466529792.0000000000 110337525245496.4062500000 265.9536994877
418462304129506175376071396950016.0000000000 110337521741524.7187500000 286.3434805386
418462277945908470027859628392448.0000000000 110337517679682.2031250000 308.2964774975
418462247593594554202373704646656.0000000000 110337512971149.7812500000 331.9325367588
418462212408859727441986775416832.0000000000 110337507512967.3906250000 357.3806929011
418462171622330502569746606587904.0000000000 110337501185782.7031250000 384.7798731050
418462124342141103036558431223808.0000000000 110337493851241.2343750000 414.2796555735
418462069534431651555572057112576.0000000000 110337485348961.0312500000 446.0410860955
418462006000741252894286583693312.0000000000 110337475493025.7500000000 480.2375572082
418461932351802016017242732363776.0000000000 110337464067919.2343750000 517.0557547575
418461846977160941533919149293568.0000000000 110337450823813.1250000000 556.6966770221
418461748009965663722773174812672.0000000000 110337435471103.9218750000 599.3767319632
418461633286143247048002364243968.0000000000 110337417674080.5937500000 645.3289185875
418461500297080756788371629539328.0000000000 110337397043583.8281250000 694.8040988697
418461346134772064094186939351040.0000000000 110337373128496.7500000000 748.0723671749
418461167428232207395594646323200.0000000000 110337345405880.8906250000 805.4245246529
418460960269788598597274432438272.0000000000 110337313269541.8437500000 867.1736666460
418460720129638010372025879625728.0000000000 110337276016774.5312500000 933.6568917716
418460441756801539658191535603712.0000000000 110337232832998.4062500000 1005.2371419986
418460119064311928429700588765184.0000000000 110337182773946.6406250000 1082.3051837544
418459744996123908083956349665280.0000000000 110337124745020.0468750000 1165.2817408622
418459311372838170030692160765952.0000000000 110337057477354.3750000000 1254.6197909361
418458808712866883253602820816896.0000000000 110336979500077.7656250000 1350.8070377497
418458226025132571116916426407936.0000000000 110336889108152.3437500000 1454.3685730480
418457550568769365903801722077184.0000000000 110336784325096.8281250000 1565.8697423008
418456767574576524785007529558016.0000000000 110336662859775.8437500000 1685.9192300005
418455859922137069903786255843328.0000000000 110336522056311.5000000000 1815.1723812965
418454807765548699387857169547264.0000000000 110336358836023.3906250000 1954.3347780329
418453588099590594092925762666496.0000000000 110336169630128.3125000000 2104.1660886327
418452174256851987613652432715776.0000000000 110335950301730.1562500000 2265.4842127442
418450535324841714864224684998656.0000000000 110335696055396.6250000000 2439.1697431484
418448635470353656351810933227520.0000000000 110335401332348.4375000000 2626.1707691300
418446433156342644444538553237504.0000000000 110335059688973.9218750000 2827.5080473375
418443880234224174647752527970304.0000000000 110334663656018.0937500000 3044.2805681148
418440920891800818502574362591232.0000000000 110334204575375.2656250000 3277.6715473861
418437490433877964772608049152000.0000000000 110333672410926.8593750000 3528.9548764230
418433513868997362886931002687488.0000000000 110333055529302.3437500000 3799.5020642261
418428904271508274712534633676800.0000000000 110332340445788.6093750000 4090.7897098256
418423560883326532639484127739904.0000000000 110331511529857.1562500000 4404.4075445503
418417366914096177532360659566592.0000000000 110330550663904.8281250000 4742.0670872408
418410186991950380432848496623616.0000000000 110329436847792.1250000000 5105.6109584995
418401864209531343734744299864064.0000000000 110328145740594.5156250000 5497.0229033812
418392216701216177684757948137472.0000000000 110326649129629.8593750000 5918.4385754347
418381033677431608018384894033920.0000000000 110324914315264.6093750000 6372.1571387189
418368070830317480621812282818560.0000000000 110322903398197.7031250000 6860.6537483212
418353045011588606457204411727872.0000000000 110320572453841.0937500000 7386.5929740078
418335628067979633271481089130496.0000000000 110317870576016.8593750000 7952.8432359156
418315439701841966943577074302976.0000000000 110314738769426.6875000000 8562.4923256364
418292039203956551962579739607040.0000000000 110311108667169.2343750000 9218.8640906204
418264915882055993288959717277696.0000000000 110306901045923.6093750000 9925.5363644898
418233477981491298829115049639936.0000000000 110302024107220.5000000000 10686.3602305556
418197039863471634635770705215488.0000000000 110296371488411.7812500000 11505.4807104869
418154807170837440124614510379008.0000000000 110289819961447.6718750000 12387.3589745978
418105859670856607309306586464256.0000000000 110282226771292.1875000000 13336.7961744506
418049131418476880078935248863232.0000000000 110273426558662.7968750000 14358.9590022572
417983387831228756168256088178688.0000000000 110263227803676.8437500000 15459.4070846654
417907199207956635859701253275648.0000000000 110251408717831.4687500000 16644.1223206534
417818910157199996604063105941504.0000000000 110237712501450.5312500000 17919.5402740674
417716604326876698569982775132160.0000000000 110221841872226.0781250000 19292.5837303424
417598063742514061916196302749696.0000000000 110203452757387.5000000000 20770.6985235756
417460722008410896787950608056320.0000000000 110182147033831.8750000000 22361.8917336292
417301610345524134043883556306944.0000000000 110157464157020.4218750000 24074.7719544530
417117295754183381478363153563648.0000000000 110128871568205.2500000000 25918.5936021207
416903809941916261761186797715456.0000000000 110095753669054.5625000000 27903.3015955427
416656567937147393768721806786560.0000000000 110057399196254.7187500000 30039.5800904274
416370275043151941801908755234816.0000000000 110012986787344.6718750000 32338.9034377552
416038820710155232884912493166592.0000000000 109961568517171.7031250000 34813.5896492137
415655157819810859487389275914240.0000000000 109902051171380.1562500000 37476.8562225754
415211165824838977603189050703872.0000000000 109833175015362.8437500000 40342.8780881213
414697496186235341451422580342784.0000000000 109753489817047.3437500000 43426.8473198344
414103398626774066916502588620800.0000000000 109661327893728.0781250000 46745.0341063480
413416526906670415335462082183168.0000000000 109554773982185.7343750000 50314.8482895193
412622723170097583819162365460480.0000000000 109431631784518.8906250000 54154.9005447123
411705780467661566538026963697664.0000000000 109289387128427.8906250000 58285.0619867205
410647183902257774809899528617984.0000000000 109125167811359.4218750000 62726.5206275189
409425832443259042905334921297920.0000000000 108935700445743.2656250000 67501.8326740179
408017738829005298994939741339648.0000000000 108717263905083.3906250000 72634.9660307167
406395737823679151603722737418240.0000000000 108465644066058.6406250000 78151.3531949620
404529165595786695138543249915904.0000000000 108176084070739.2187500000 84077.8500518260
402383567807120599605203896893440.0000000000 107843239042639.2187500000 90442.7921003970
399920432127362408407893293400064.0000000000 107461134591901.0937500000 97275.9476578876
397096973674390803955281605689344.0000000000 107023133530806.2343750000 104608.4574964977
393866004877057864907493818236928.0000000000 106521915685682.0312500000 112472.7331253922
390175929750381330229625704415232.0000000000 105949477008816.4531250000 120902.3036320782
385970911809329798288460591661056.0000000000 105297155626801.7812500000 129931.5993311575
381193881344965218364742900383744.0000000000 104411677121017.5000000000 139595.6587287715
375784411947373338820120923865088.0000000000 103349687520588.1875000000 149929.7435801060
369679302876567695778091729158144.0000000000 102151129609239.5156250000 160983.0986460348
362817540913409125370078536138752.0000000000 100804025242822.3906250000 172798.2863801745
355140573779489360988023352721408.0000000000 99296879410240.4062500000 185412.3900484541
346594929684154408988623306227712.0000000000 97619194504165.1406250000 198861.2751248587
337135279426928399801143988846592.0000000000 95762071474437.9218750000 213178.7651185312
326728028656421879380622635433984.0000000000 93718915062044.1250000000 228395.7481904780
315355049678747040772694336339968.0000000000 91486166429513.0625000000 244538.9221024508
303017608762036338402295487135744.0000000000 89064074171205.7031250000 261629.5978477681
289739755301587671768974103674880.0000000000 86457359675825.0468750000 279682.1203032435
275571511287061100765344167886848.0000000000 83675843284130.4531250000 298702.5310256622
260590612497855164480867109175296.0000000000 80734786121240.6406250000 318686.4590903335
244903110558657823929404741386240.0000000000 77655008292465.2812500000 339617.6005549547
228642680039446140285911155343360.0000000000 74462752852847.9375000000 361465.6936610063
211977764351558101168728869699584.0000000000 70932056004772.8750000000 384183.7875073431
195202608221443129396506780499968.0000000000 66609599396390.3046875000 407706.0964085677
178432932794548318641712659431424.0000000000 62288555001501.8359375000 432033.5557019464
161884139203696546276957289971712.0000000000 58024425257330.8046875000 457348.5852637711
145757122526369712126697274343424.0000000000 53868974823980.3828125000 483583.0800679904
130232297263704114634899467534336.0000000000 49868691128848.3281250000 510652.4020971855
115556929399241381427874625486848.0000000000 45464731435101.7343750000 538450.0983164171
101782673434686124830809978306560.0000000000 41300498904493.0703125000 566847.8405554096
88998368327004149711582607179776.0000000000 37435548278656.8828125000 596081.2315785167
77320114337015861432821015904256.0000000000 33541719828069.8984375000 626055.5831331647
66725917146720366051391141052416.0000000000 29982541814286.5859375000 656630.5683724460
57205780844225792200100638883840.0000000000 26769601508416.5781250000 687972.2143037233
48779870037663212076333321420800.0000000000 23634558902391.9140625000 719964.9091190919
41346723573042028115267069935616.0000000000 20868895771320.1835937500 752450.9565718545
34845556936036337485226608427008.0000000000 18405593291739.5585937500 785627.6989757671
29239887450059910772796386443264.0000000000 16069585204941.3535156250 819314.6573466003
24408657178611932949638163726336.0000000000 14056303292491.7949218750 853367.3042628177
20274494291734725175128822382592.0000000000 12294001156312.6757812500 887985.1140096902
16789624907493959229781420539904.0000000000 10618115304589.4980468750 922937.2047401768
13842006993885227059732637810688.0000000000 9200595560509.0761718750 958051.8422071687
11362107012582977641518035107840.0000000000 8008003002765.7773437500 993653.8102150357
9303112693950174738115444342784.0000000000 6883930801693.7871093750 1029476.3297522856
7590855577957395151290546257920.0000000000 5922619583492.9628906250 1065192.5333063398
6181711098506363371688996896768.0000000000 5049284190694.8525390625 1101127.4472145464
5017963667392232057260589711360.0000000000 4305624959051.7407226562 1137114.8068605207
4069239069614822571976240922624.0000000000 3632602512176.5117187500 1173391.1998882610
3291148065924925041082959396864.0000000000 3063469649432.5434570312 1209823.1862017477
2662835734149070799420698656768.0000000000 2538394170912.3129882812 1246745.7018841212
2150058091819759222186806607872.0000000000 2108979552936.6992187500 1284079.6826109488
1740292757938900819555167240192.0000000000 1692702056047.9541015625 1322504.0696340499
1407590519093533177573862801408.0000000000 1354712373308.9560546875 1361887.9089258476
1140981143677174632734133321728.0000000000 1048477439756.6196289062 1403789.2007045562
929503285892249787939187326976.0000000000 773326591041.4340820312 1448565.0652642553
762919761803065859576673861632.0000000000 534493397604.5063476562 1498272.7246506407
630975861325308646673363238912.0000000000 357307575880.7120361328 1556739.8261929788
510937777013978899837876174848.0000000000 294801899118.8776245117 1631325.7671650988
413013296210675304115269009408.0000000000 246056674434.4677124023 1732051.1671441845
333897166411155131646007574528.0000000000 205867632402.4313659668 1842687.4462835235
270036462497236158024851128320.0000000000 172582592179.1313171387 1963036.3772282936
218488099876051480103564083200.0000000000 144878185836.4682006836 2093951.8262779226
176857335580112864503335485440.0000000000 121666531676.4138031006 2236438.2572948290
143193130137121608410092011520.0000000000 102398626873.3831481934 2391690.5535281207
116015105612732440589803454464.0000000000 86392398605.1023406982 2561200.2441901076
94067590891348296846687600640.0000000000 72800988412.0218658447 2746294.3401284143
76300379556839663298800517120.0000000000 61586179634.2667846680 2948425.3016620604
61960400258455611395278897152.0000000000 52039335600.1894226074 3169960.3896454028
50322658224257854638697480192.0000000000 44354872302.0233459473 3412369.8030870804
40872879917363622932157300736.0000000000 37945297262.2674407959 3678606.5398216886
33233693367753446587539390464.0000000000 32450186696.5407295227 3969009.9814684619
27125116360295213647865577472.0000000000 27148402878.7467918396 4284767.7968688719
22147282387287677061228920832.0000000000 23074847460.4976158142 4628536.9801333426
18076129841617875257081724928.0000000000 19817087391.6095237732 5012478.1615365306
14776209344847739303126630400.0000000000 17051072160.3986892700 5435917.8472989742
12096958022836077580706119680.0000000000 14656842556.5250358582 5898233.6842444511
9917931319085504844273811456.0000000000 12566828100.3539791107 6402311.4507325497
8163974832159484256958021632.0000000000 10622196718.1609840393 6952501.7364155306
6726745507592559847045857280.0000000000 9116100936.4141826630 7554530.7142207092
5547092996128974900922679296.0000000000 7905044245.7567605972 8224448.7714538770
4585023069288805782997958656.0000000000 6850467595.1819601059 8959610.0371636543
3798385047129677491764985856.0000000000 5920446418.2434759140 9757177.7063971311
3153695032414449499551825920.0000000000 5136277108.2209653854 10621988.8636325058
2622457934099802644138688512.0000000000 4490106360.5201988220 11561084.1184638292
2184403223476931577616793600.0000000000 3909396333.2620906830 12575875.8429871164
1826248572655337173583659008.0000000000 3373816361.8766617775 13661803.4367339145
1529121271536113094993379328.0000000000 2929495923.5793719292 14825423.2570507750
1282029984473250738760318976.0000000000 2559998712.9438557625 16083101.0588018782
1076853452723994412028264448.0000000000 2232299303.9382777214 17432538.1434308216
905399377886715559039467520.0000000000 1957563166.9549930096 18868614.8061094470
761683376450697605538643968.0000000000 1727274215.8484728336 20397679.3706755750
641115029084458585832816640.0000000000 1513961978.3496770859 22013470.4070131779
541013979205497199884500992.0000000000 1308701678.3415541649 23706264.1222869977
456600587940936172240371712.0000000000 1135609407.7148454189 25486975.2894964144
385301237328249610731257856.0000000000 991881335.3791222572 27386567.9524988085
324853703980848109968162816.0000000000 873349217.7151721716 29403546.3429754116
273771250000193068904480768.0000000000 766549650.0004225969 31528524.5532754511
230679122525546947691937792.0000000000 672239451.0130541325 33744395.5464795232
194122619776380116102283264.0000000000 592232933.5677348375 36057273.8971729502
163093648934347530425073664.0000000000 524323814.5248863101 38469643.1545812488
137002467296535823893135360.0000000000 457578723.1878976822 40968383.7058867440
114866024552787423052955648.0000000000 400889263.0893682241 43536432.5872720554
96096131232537593136545792.0000000000 352821236.4985800982 46209178.1688228250
80235021439680138262347776.0000000000 306937510.0823593140 48973524.6719031781
67021497368105874221957120.0000000000 263362357.9549563229 51811452.3426120505
55849416987367364869750784.0000000000 227399646.9878468513 54750070.1720342189
46434974025097550265057280.0000000000 197112514.6681674719 57835141.2885641083
38515100568166800467951616.0000000000 171633550.4525994658 61047874.4043667242
31863145393064103448150016.0000000000 150233596.4266060293 64373364.0696368963
26285251888920235905908736.0000000000 132288997.9727050811 67790962.3859390914
21685765243850431351750656.0000000000 113630743.7228855640 71273545.2182995975
17849803081943865450561536.0000000000 97888415.9019949138 74787405.8033604324
14652996950290154985095168.0000000000 84769107.6345449537 78416164.5313985646
11994514948151223213096960.0000000000 73859016.9148784280 82144148.1625410020
9790124854871520043859968.0000000000 64494130.0345709026 85942779.8630202711
7995885689463433047572480.0000000000 55014369.5492768511 89775821.6025561541
6513488362483478094151680.0000000000 47182207.6643177196 93618865.4640144259
5291486161421827569614848.0000000000 40725828.6029834822 97558895.5846756995
4286377589894946198913024.0000000000 35415394.6856501922 101565562.8791073412
3463937146729905858281472.0000000000 30485193.8309597820 105600228.8791747391
2801743449482648962990080.0000000000 25937099.5049955100 109616378.7643025368
2260436176738696873115648.0000000000 22219280.1630051434 113637840.3486679941
1818872588512477631741952.0000000000 19186522.7409510016 117709519.9175997823
1459449031160811824873472.0000000000 16717921.4108501114 121790702.0174763054
1172599611943169361444864.0000000000 14166719.8281979412 125832999.8678175509
940543400610414194589696.0000000000 12059043.9542846661 129782076.3488259017
752608442566969200214016.0000000000 10352104.1802612096 133744047.6674207747
600697166290136533565440.0000000000 8972353.4287291355 137690481.0095078945
478564323135814692241408.0000000000 7694280.9417400900 141573751.9424683452
382371038820650237034496.0000000000 6470067.5863147639 145341523.0314301252
305327465320790940975104.0000000000 5429172.2959027663 149020171.6290728450
243358992642123331796992.0000000000 4591948.7815318052 152685976.7201993763
193582324994375405273088.0000000000 3919442.3468836416 156340666.2931872010
153656816828484618813440.0000000000 3380029.7582754898 159945305.3265516460
121685260702024437071872.0000000000 2948078.8415746177 163456222.3443030417
96148214663266871279616.0000000000 2592256.5918869860 166827154.9538539946
76398232531132418621440.0000000000 2173196.8661305225 170012292.7797456682
60606315714211144007680.0000000000 1838120.2930889498 172982511.8621732891
47992572338312679784448.0000000000 1570478.9451372516 175895209.5937103629
37929787547189415772160.0000000000 1356964.4312150721 178718454.3712963760
29913804563548662136832.0000000000 1186879.4352733600 181418734.1403432190
23539396910964078018560.0000000000 1051625.7674532919 183963054.8732901812
18480710611585747386368.0000000000 944289.3820772127 186321469.7585556209
14475503927756947718144.0000000000 859305.9728116237 188469684.4468981624
11312532212836753997824.0000000000 792193.3014906063 190391266.2351681888
8821515271238600097792.0000000000 739338.3232219242 192078996.5526077449
6865192266057690120192.0000000000 697828.6055645964 193535075.1438404620
5333028463626492575744.0000000000 665318.7967675487 194770163.7510207295
4136201071615076728832.0000000000 639924.2341133330 195801538.3040659130
3203561851122717032448.0000000000 620135.2776801349 196650791.4885748029
2478346654220068323328.0000000000 604747.4925421441 197341542.4865816832
1915467092708739514368.0000000000 592804.1827658247 197897496.3372270763
1479269981347864379392.0000000000 583548.8507538917 198341026.0332295597
1141684198005576695808.0000000000 576385.8768919294 198692297.1191237271
880694901289655992320.0000000000 570848.1451423299 198968855.1087129414
679096281772273827840.0000000000 566570.5786289719 199185554.1586772501
523480459588605050880.0000000000 563268.6858307222 199354705.3230926692
403424646706797740032.0000000000 560721.3136009590 199486344.4602146149
310842733220281253888.0000000000 558756.8889743391 199588548.0575249493
239471537684882194432.0000000000 557242.5183066658 199667751.0875274539
184466088474298023936.0000000000 556075.3998603259 199729041.0090320110
142082308250915864576.0000000000 555176.0909294062 199776415.8350648880
109429183481038127104.0000000000 554483.2493146842 199813002.8478842974
84275800314195148800.0000000000 553949.5389659243 199841239.4544939697
64901467917364805632.0000000000 553538.4498638376 199863020.1024714708
49979532671638118400.0000000000 553221.8327626172 199879814.0762837529
38487445966352982016.0000000000 552977.9909874264 199892759.0313694775
29637235371572326400.0000000000 552790.2051555242 199902734.7224056125
22821799491360800768.0000000000 552645.5936479408 199910420.7994022667
17573454812624412672.0000000000 552534.2330468510 199916341.9247248471
13531957096511795200.0000000000 552448.4796060009 199920902.8800729811
10419842335483389952.0000000000 552382.4460293853 199924415.8176661730
8023418174834290688.0000000000 552331.5981427979 199927121.3739838004
6178114760928611328.0000000000 552292.4440647134 199929205.0048878193
4757197443260164096.0000000000 552262.2947097681 199930809.6097671092
3663071131643671552.0000000000 552239.0792825833 199932045.2795181572
2820582026037879808.0000000000 552221.2031523071 199932996.8187555671
2171858390839562752.0000000000 552207.4383829600 199933729.5475697219
1672337027008190976.0000000000 552196.8394221945 199934293.7746106088
1287703107467535360.0000000000 552188.6781700091 199934728.2447621524
991533525263503616.0000000000 552182.3939747594 199935062.7958686054
763482078841670144.0000000000 552177.5551259972 199935320.4056101441
587881950374012800.0000000000 552173.8292015286 199935518.7683067322
452669546269402816.0000000000 552170.9602332124 199935671.5094778240
348555814162517504.0000000000 552168.7511237694 199935789.1213029623
268388133156020608.0000000000 552167.0501072222 199935879.6830744147
206658955171710656.0000000000 552165.7403231310 199935949.4160333574
159127450409601728.0000000000 552164.7317885805 199936003.1106458902
122528169381928576.0000000000 552163.9552165023 199936044.4556363821
94346709732824336.0000000000 552163.3572557208 199936076.2913613617
72646977942444832.0000000000 552162.8968257521 199936100.8049184084
55938179803311032.0000000000 552162.5422945773 199936119.6803862751
43072402472938304.0000000000 552162.2693055142 199936134.2145136893
33165752290224384.0000000000 552162.0591039008 199936145.4058019519
25537630678169676.0000000000 552161.8972486379 199936154.0230999589
19663976460964808.0000000000 552161.7726200733 199936160.6584230065
15141262372252268.0000000000 552161.6766560712 199936165.7676238716
11658772321489046.0000000000 552161.6027637853 199936169.7017097771
8977254862366012.0000000000 552161.5458667227 199936172.7309566736
6912486347672295.0000000000 552161.5020559828 199936175.0634772182
5322614549162036.0000000000 552161.4683217125 199936176.8595183194
4098413239291066.0000000000 552161.4423463235 199936178.2424701154
3155778215857203.5000000000 552161.4223452739 199936179.3073430955
2429949239018515.0000000000 552161.4069444654 199936180.1272953451
1871060921638397.7500000000 552161.3950858427 199936180.7586586177
1440716914164132.7500000000 552161.3859547033 199936181.2448083460
1109352026575954.1250000000 552161.3789237258 199936181.6191436350
854201062046273.7500000000 552161.3735098732 199936181.9073818326
657734818714066.5000000000 552161.3693412066 199936182.1293252409
506455810966229.7500000000 552161.3661313334 199936182.3002216816
389970974773885.5625000000 552161.3636597309 199936182.4318119287
300277650771482.8750000000 552161.3617565971 199936182.5331364274
231213791210007.7187500000 552161.3602911840 199936182.6111562848
178034619300462.1562500000 552161.3591628158 199936182.6712315679
137086656902121.4062500000 552161.3582939724 199936182.7174895406
105556725838803.3593750000 552161.3576249632 199936182.7531081736
81278678910208.9218750000 552161.3571098258 199936182.7805345356
62584582769357.3281250000 552161.3567131702 199936182.8016528189
48190128737442.6875000000 552161.3564077453 199936182.8179138899
37106399130817.6328125000 552161.3561725682 199936182.8304349184
28571927332500.4296875000 552161.3559914816 199936182.8400761187
22000384047075.2656250000 552161.3558520451 199936182.8474998474
16940295716870.4609375000 552161.3557446790 199936182.8532161117
13044027702359.3398437500 552161.3556620071 199936182.8576176465
10043901331035.5234375000 552161.3555983497 199936182.8610068262
7733804025027.0976562500 552161.3555493336 199936182.8636164963
5955029099347.7910156250 552161.3555115911 199936182.8656259477
4585372406543.4082031250 552161.3554825294 199936182.8671732247
3530736753065.4658203125 552161.3554601518 199936182.8683646321
2718667299876.4414062500 552161.3554429212 199936182.8692820072
2093373820914.3657226562 552161.3554296535 199936182.8699883819
1611897842109.6977539062 552161.3554194374 199936182.8705323040
1241161338427.8085937500 552161.3554115711 199936182.8709511161
955694230591.3940429688 552161.3554055140 199936182.8712736070
735884557556.5480957031 552161.3554008501 199936182.8715219200
566631109319.2385253906 552161.3553972588 199936182.8717131317
436305954176.2266235352 552161.3553944934 199936182.8718603551
335955584715.9392700195 552161.3553923643 199936182.8719737232
258685800231.4183959961 552161.3553907247 199936182.8720610142
199188066178.2782287598 552161.3553894623 199936182.8721282184
153374810957.3252563477 552161.3553884903 199936182.8721799850
118098604437.1707153320 552161.3553877417 199936182.8722198308
90935925416.6393890381 552161.3553871654 199936182.8722505271
70020662570.8229675293 552161.3553867216 199936182.8722741604
53915910179.5399932861 552161.3553863799 199936182.8722923398
41515250838.2495346069 552161.3553861168 199936182.8723063469
31966743145.4543609619 552161.3553859141 199936182.8723171353
24614392222.0011711121 552161.3553857582 199936182.8723254502
18953082010.9416809082 552161.3553856381 199936182.8723318577
14593873148.4255561829 552161.3553855454 199936182.8723367751
11237282324.2879505157 552161.3553854743 199936182.8723405600
8652707389.7018833160 552161.3553854194 199936182.8723434806
6662584690.0705461502 552161.3553853772 199936182.8723457158
5130190211.3543767929 552161.3553853447 199936182.8723474443
3950246462.7429037094 552161.3553853197 199936182.8723487854
3041689776.3120560646 552161.3553853005 199936182.8723497987
2342101127.7602949142 552161.3553852856 199936182.8723506033
1803417868.3754343987 552161.3553852742 199936182.8723511994
1388631758.6490886211 552161.3553852653 199936182.8723516762
1069246454.1598007679 552161.3553852586 199936182.8723520339
823319769.7030479908 552161.3553852533 199936182.8723523021
633956222.6713478565 552161.3553852492 199936182.8723525107
488146291.4569383264 552161.3553852462 199936182.8723526895
375872644.4218428135 552161.3553852439 199936182.8723528087
289421936.2048191428 552161.3553852420 199936182.8723528981
222854890.8777108192 552161.3553852406 199936182.8723529875
171598265.9758374095 552161.3553852395 199936182.8723530471
132130664.8013948500 552161.3553852388 199936182.8723530769
101740611.8970740587 552161.3553852381 199936182.8723531067
78340271.1607470363 552161.3553852376 199936182.8723531365
60322008.7937752306 552161.3553852371 199936182.8723531663
46447946.7712069303 552161.3553852369 199936182.8723531961
35764919.0138293356 552161.3553852367 199936182.8723531961
27538987.6406485923 552161.3553852364 199936182.8723531961
21205020.4832994156 552161.3553852363 199936182.8723531961
16327865.7721405514 552161.3553852362 199936182.8723531961
12572456.6445482243 552161.3553852362 199936182.8723531961
9680791.6163021326 552161.3553852360 199936182.8723531961
7454209.5445526429 552161.3553852360 199936182.8723531961
5739741.3493055347 552161.3553852360 199936182.8723531961
4419600.8389652614 552161.3553852360 199936182.8723531961
3403092.6460032514 552161.3553852360 199936182.8723531961
2620381.3374225036 552161.3553852360 199936182.8723531961
2017693.6298153277 552161.3553852359 199936182.8723531961
1553624.0949578022 552161.3553852359 199936182.8723531961
1196290.5531175076 552161.3553852359 199936182.8723531961
921143.7259004810 552161.3553852359 199936182.8723531961
709280.6689433703 552161.3553852359 199936182.8723531961
546146.1150863952 552161.3553852359 199936182.8723531961
420532.5086165243 552161.3553852359 199936182.8723531961
323810.0316347237 552161.3553852359 199936182.8723531961
249333.7243587373 552161.3553852359 199936182.8723531961
191986.9677562277 552161.3553852359 199936182.8723531961
147829.9651722953 552161.3553852359 199936182.8723531961
113829.0731826674 552161.3553852359 199936182.8723531961
87648.3863506539 552161.3553852359 199936182.8723531961
67489.2574900035 552161.3553852359 199936182.8723531961
51966.7282673027 552161.3553852359 199936182.8723531961
40014.3807658231 552161.3553852359 199936182.8723531961
30811.0731896838 552161.3553852359 199936182.8723531961
23724.5263560565 552161.3553852359 199936182.8723531961
18267.8852941635 552161.3553852359 199936182.8723531961
14066.2716765059 552161.3553852359 199936182.8723531961
10831.0291909095 552161.3553852359 199936182.8723531961
8339.8924770003 552161.3553852359 199936182.8723531961
6421.7172072903 552161.3553852359 199936182.8723531961
4944.7222496135 552161.3553852359 199936182.8723531961
3807.4361322024 552161.3553852359 199936182.8723531961
2931.7258217958 552161.3553852359 199936182.8723531961
2257.4288827828 552161.3553852359 199936182.8723531961
1738.2202397428 552161.3553852359 199936182.8723531961
1338.4295846019 552161.3553852359 199936182.8723531961
1030.5907801435 552161.3553852359 199936182.8723531961
793.5549007105 552161.3553852359 199936182.8723531961
611.0372735471 552161.3553852359 199936182.8723531961
470.4987006312 552161.3553852359 199936182.8723531961
362.2839994861 552161.3553852359 199936182.8723531961
278.9586796043 552161.3553852359 199936182.8723531961
214.7981832953 552161.3553852359 199936182.8723531961
165.3946011374 552161.3553852359 199936182.8723531961
127.3538428758 552161.3553852359 199936182.8723531961
98.0624590143 552161.3553852359 199936182.8723531961
75.5080934410 552161.3553852359 199936182.8723531961
58.1412319496 552161.3553852359 199936182.8723531961
44.7687486012 552161.3553852359 199936182.8723531961
34.4719364229 552161.3553852359 199936182.8723531961
26.5433910456 552161.3553852359 199936182.8723531961
20.4384111051 552161.3553852359 199936182.8723531961
15.7375765510 552161.3553852359 199936182.8723531961
12.1179339442 552161.3553852359 199936182.8723531961
9.3308091371 552161.3553852359 199936182.8723531961
7.1847230355 552161.3553852359 199936182.8723531961
5.5322367374 552161.3553852359 199936182.8723531961
4.2598222878 552161.3553852359 199936182.8723531961
3.2800631616 552161.3553852359 199936182.8723531961
2.5256486344 552161.3553852359 199936182.8723531961
1.9447494485 552161.3553852359 199936182.8723531961
1.4974570753 552161.3553852359 199936182.8723531961
1.1530419480 552161.3553852359 199936182.8723531961
0.8878423000 552161.3553852359 199936182.8723531961
0.6836385710 552161.3553852359 199936182.8723531961
0.5264016997 552161.3553852359 199936182.8723531961
0.4053293087 552161.3553852359 199936182.8723531961
0.3121035677 552161.3553852359 199936182.8723531961
0.2403197471 552161.3553852359 199936182.8723531961
0.1850462053 552161.3553852359 199936182.8723531961
0.1424855781 552161.3553852359 199936182.8723531961
0.1097138951 552161.3553852359 199936182.8723531961
0.0844796992 552161.3553852359 199936182.8723531961
0.0650493684 552161.3553852359 199936182.8723531961
0.0500880137 552161.3553852359 199936182.8723531961
0.0385677705 552161.3553852359 199936182.8723531961
0.0296971833 552161.3553852359 199936182.8723531961
0.0228668312 552161.3553852359 199936182.8723531961
0.0176074600 552161.3553852359 199936182.8723531961
0.0135577442 552161.3553852359 199936182.8723531961
0.0104394630 552161.3553852359 199936182.8723531961
0.0080383865 552161.3553852359 199936182.8723531961
0.0061895576 552161.3553852359 199936182.8723531961
0.0047659594 552161.3553852359 199936182.8723531961
0.0036697887 552161.3553852359 199936182.8723531961
0.0028257373 552161.3553852359 199936182.8723531961
0.0021758177 552161.3553852359 199936182.8723531961
0.0016753797 552161.3553852359 199936182.8723531961
0.0012900423 552161.3553852359 199936182.8723531961
0.0009933326 552161.3553852359 199936182.8723531961
0.0007648661 552161.3553852359 199936182.8723531961
0.0005889469 552161.3553852359 199936182.8723531961
0.0004534891 552161.3553852359 199936182.8723531961
0.0003491866 552161.3553852359 199936182.8723531961
0.0002688737 552161.3553852359 199936182.8723531961
0.0002070327 552161.3553852359 199936182.8723531961
0.0001594152 552161.3553852359 199936182.8723531961
0.0001227497 552161.3553852359 199936182.8723531961
0.0000945173 552161.3553852359 199936182.8723531961
0.0000727783 552161.3553852359 199936182.8723531961
0.0000560393 552161.3553852359 199936182.8723531961
0.0000431503 552161.3553852359 199936182.8723531961
0.0000332257 552161.3553852359 199936182.8723531961
0.0000255838 552161.3553852359 199936182.8723531961
0.0000196995 552161.3553852359 199936182.8723531961
0.0000151686 552161.3553852359 199936182.8723531961
0.0000116798 552161.3553852359 199936182.8723531961
0.0000089935 552161.3553852359 199936182.8723531961
0.0000069250 552161.3553852359 199936182.8723531961
0.0000053322 552161.3553852359 199936182.8723531961
0.0000041058 552161.3553852359 199936182.8723531961
0.0000031615 552161.3553852359 199936182.8723531961
0.0000024343 552161.3553852359 199936182.8723531961
0.0000018744 552161.3553852359 199936182.8723531961
0.0000014433 552161.3553852359 199936182.8723531961
0.0000011114 552161.3553852359 199936182.8723531961
0.0000008557 552161.3553852359 199936182.8723531961
0.0000006589 552161.3553852359 199936182.8723531961
0.0000005074 552161.3553852359 199936182.8723531961
0.0000003907 552161.3553852359 199936182.8723531961
0.0000003008 552161.3553852359 199936182.8723531961
0.0000002316 552161.3553852359 199936182.8723531961
0.0000001784 552161.3553852359 199936182.8723531961
0.0000001373 552161.3553852359 199936182.8723531961
0.0000001057 552161.3553852359 199936182.8723531961
0.0000000814 552161.3553852359 199936182.8723531961
0.0000000627 552161.3553852359 199936182.8723531961
0.0000000483 552161.3553852359 199936182.8723531961
0.0000000372 552161.3553852359 199936182.8723531961
0.0000000286 552161.3553852359 199936182.8723531961
0.0000000220 552161.3553852359 199936182.8723531961
0.0000000170 552161.3553852359 199936182.8723531961
0.0000000131 552161.3553852359 199936182.8723531961
0.0000000101 552161.3553852359 199936182.8723531961
0.0000000077 552161.3553852359 199936182.8723531961
