2317739416745061278448294559744.0000000000 2250000000000.0000000000 0.0000000000
2317739416745061278448294559744.0000000000 2250000000000.0000000000 0.0000000000
2317739416745061278448294559744.0000000000 2250000000000.0000000000 0.0000000000
2317739416745061278448294559744.0000000000 2250000000000.0000000000 0.0000000000
2317739416745061278448294559744.0000000000 2250000000000.0000000000 0.0000000000
2317739416745061278448294559744.0000000000 2250000000000.0000000000 0.0000000000
2317739416745061278448294559744.0000000000 2250000000000.0000000000 0.0000000000
2317739416745061278448294559744.0000000000 2250000000000.0000000000 0.0000000000
2317739416745061278448294559744.0000000000 2250000000000.0000000000 0.0000000000
2317739416745061278448294559744.0000000000 2250000000000.0000000000 0.0000000000
2317739416745061278448294559744.0000000000 2250000000000.0000000000 0.0000000000
2317739416745061278448294559744.0000000000 2250000000000.0000000000 0.0000000000
2317739416745061278448294559744.0000000000 2250000000000.0000000000 0.0000000000
2317739416745061278448294559744.0000000000 2250000000000.0000000000 0.0000000000
2317739416745061278448294559744.0000000000 2250000000000.0000000000 0.0000000000
2317739416745061278448294559744.0000000000 2250000000000.0000000000 0.0000000000
2317739416745061278448294559744.0000000000 2250000000000.0000000000 0.0000000000
2317739416745061278448294559744.0000000000 2250000000000.0000000000 0.0000000000
2317739416745061278448294559744.0000000000 2250000000000.0000000000 0.0000000000
2317739416745061278448294559744.0000000000 2250000000000.0000000000 0.0000000000
2317739416745061278448294559744.0000000000 2250000000000.0000000000 0.0000000000
2317739416745061278448294559744.0000000000 2250000000000.0000000000 0.0000000000
2317739416745061278448294559744.0000000000 2250000000000.0000000000 0.0000000000
2317739416745061278448294559744.0000000000 2250000000000.0000000000 0.0000000000
2317739416745061278448294559744.0000000000 2250000000000.0000000000 0.0000000000
2317739416745061278448294559744.0000000000 2250000000000.0000000000 0.0000000000
2317739416745061278448294559744.0000000000 2250000000000.0000000000 0.0000000000
2317739416745061278448294559744.0000000000 2250000000000.0000000000 0.0000000000
2317739416745061278448294559744.0000000000 2250000000000.0000000000 0.0000000000
2317739416745061278448294559744.0000000000 2250000000000.0000000000 0.0000000000
2317739416745061278448294559744.0000000000 2250000000000.0000000000 0.0000000000
2317739416745061278448294559744.0000000000 2250000000000.0000000000 0.0000000000
2317739416745061278448294559744.0000000000 2250000000000.0000000000 0.0000000000
2317739416745061278448294559744.0000000000 2250000000000.0000000000 0.0000000000
2317739416745061278448294559744.0000000000 2250000000000.0000000000 0.0000000000
2317739416745061278448294559744.0000000000 2250000000000.0000000000 0.0000000000
2317739416745061278448294559744.0000000000 2250000000000.0000000000 0.0000000000
2317739416745061278448294559744.0000000000 2250000000000.0000000000 0.0000000000
2317739416745061278448294559744.0000000000 2250000000000.0000000000 0.0000000000
2317739416745061278448294559744.0000000000 2250000000000.0000000000 0.0000000000
2317739416745061278448294559744.0000000000 2250000000000.0000000000 0.0000000000
2317739416745061278448294559744.0000000000 2250000000000.0000000000 0.0000000000
2317739416745061278448294559744.0000000000 2250000000000.0000000000 0.0000000000
2317739416745061278448294559744.0000000000 2250000000000.0000000000 0.0000000000
2317739416745061278448294559744.0000000000 2250000000000.0000000000 0.0000000000
2317739416745061278448294559744.0000000000 2250000000000.0000000000 0.0000000000
2317739416745061278448294559744.0000000000 2250000000000.0000000000 0.0000000000
2317739416745061278448294559744.0000000000 2250000000000.0000000000 0.0000000000
2317739416745061278448294559744.0000000000 2250000000000.0000000000 0.0000000000
2317739416745061278448294559744.0000000000 2250000000000.0000000000 0.0000000000
2317739416745061278448294559744.0000000000 2250000000000.0000000000 0.0000000000
2317739416745061278448294559744.0000000000 2250000000000.0000000000 0.0000000000
2317739416745061278448294559744.0000000000 2250000000000.0000000000 0.0000000000
2317739416745061278448294559744.0000000000 2250000000000.0000000000 0.0000000000
2317739416745061278448294559744.0000000000 2250000000000.0000000000 0.0000000000
2317739416745061278448294559744.0000000000 2250000000000.0000000000 0.0000000000
2317739416745061278448294559744.0000000000 2250000000000.0000000000 0.0000000000
2317739416745061278448294559744.0000000000 2250000000000.0000000000 0.0000000000
2317739416745061278448294559744.0000000000 2250000000000.0000000000 0.0000000000
2317739416745061278448294559744.0000000000 2250000000000.0000000000 0.0000000000
2317739416745061278448294559744.0000000000 2250000000000.0000000000 0.0000000000
2317739416745061278448294559744.0000000000 2250000000000.0000000000 0.0000000000
2317739416745061278448294559744.0000000000 2250000000000.0000000000 0.0000000000
2317739416745061278448294559744.0000000000 2250000000000.0000000000 0.0000000000
2317739416745061278448294559744.0000000000 2250000000000.0000000000 0.0000000000
2317739416745061278448294559744.0000000000 2250000000000.0000000000 0.0000000000
2317739416745061278448294559744.0000000000 2250000000000.0000000000 0.0000000000
2317739416745061278448294559744.0000000000 2250000000000.0000000000 0.0000000000
2317739416745061278448294559744.0000000000 2250000000000.0000000000 0.0000000000
2317739416745061278448294559744.0000000000 2250000000000.0000000000 0.0000000000
2317739416745061278448294559744.0000000000 2250000000000.0000000000 0.0000000000
2317739416745061278448294559744.0000000000 2250000000000.0000000000 0.0000000000
2317739416745061278448294559744.0000000000 2250000000000.0000000000 0.0000000000
2317739416745061278448294559744.0000000000 2250000000000.0000000000 0.0000000000
2317739416745061278448294559744.0000000000 2250000000000.0000000000 0.0000000000
2317739416745061278448294559744.0000000000 2250000000000.0000000000 0.0000000000
2317739416745061278448294559744.0000000000 2250000000000.0000000000 0.0000000000
2317739416745061278448294559744.0000000000 2250000000000.0000000000 0.0000000000
2317739416745061278448294559744.0000000000 2250000000000.0000000000 0.0000000000
2317739416745061278448294559744.0000000000 2250000000000.0000000000 0.0000000000
2317739416745061278448294559744.0000000000 2250000000000.0000000000 0.0000000000
2317739416745061278448294559744.0000000000 2250000000000.0000000000 0.0000000000
2317739416745061278448294559744.0000000000 2250000000000.0000000000 0.0000000000
2317739416745061278448294559744.0000000000 2250000000000.0000000000 0.0000000000
2317739416745061278448294559744.0000000000 2250000000000.0000000000 0.0000000000
2317739416745061278448294559744.0000000000 2250000000000.0000000000 0.0000000000
2317739416745061278448294559744.0000000000 2250000000000.0000000000 0.0000000000
2317739416745061278448294559744.0000000000 2250000000000.0000000000 0.0000000000
2317739416745061278448294559744.0000000000 2250000000000.0000000000 0.0000000000
2317739416745061278448294559744.0000000000 2250000000000.0000000000 0.0000000000
2317739416745061278448294559744.0000000000 2250000000000.0000000000 0.0000000000
2317739416745061278448294559744.0000000000 2250000000000.0000000000 0.0000000000
2317739416745061278448294559744.0000000000 2250000000000.0000000000 0.0000000000
2317739416745061278448294559744.0000000000 2250000000000.0000000000 0.0000000000
2317739416745061278448294559744.0000000000 2250000000000.0000000000 0.0000000000
2317739416745061278448294559744.0000000000 2250000000000.0000000000 0.0000000000
2317739416745061278448294559744.0000000000 2250000000000.0000000000 0.0000000000
2317739416745061278448294559744.0000000000 2250000000000.0000000000 0.0000000000
2317739416745061278448294559744.0000000000 2250000000000.0000000000 0.0000000000
2317739416745061278448294559744.0000000000 2250000000000.0000000000 0.0000000000
2317739416745061278448294559744.0000000000 2250000000000.0000000000 0.0000000000
2317739416745061278448294559744.0000000000 2250000000000.0000000000 0.0000000000
2317739416745061278448294559744.0000000000 2250000000000.0000000000 0.0000000000
2317739416745061278448294559744.0000000000 2250000000000.0000000000 0.0000000000
2317739416745061278448294559744.0000000000 2250000000000.0000000000 0.0000000000
2317739416745061278448294559744.0000000000 2250000000000.0000000000 0.0000000000
2317739416745061278448294559744.0000000000 2250000000000.0000000000 0.0000000000
2317739416745061278448294559744.0000000000 2250000000000.0000000000 0.0000000000
2317739416745061278448294559744.0000000000 2250000000000.0000000000 0.0000000000
2317739416745061278448294559744.0000000000 2250000000000.0000000000 0.0000000000
2317739416745061278448294559744.0000000000 2250000000000.0000000000 0.0000000000
2317739416745061278448294559744.0000000000 2250000000000.0000000000 0.0000000000
2317739416745061278448294559744.0000000000 2250000000000.0000000000 0.0000000000
2317739416745061278448294559744.0000000000 2250000000000.0000000000 0.0000000000
2317739416745061278448294559744.0000000000 2250000000000.0000000000 0.0000000000
2317739416745061278448294559744.0000000000 2250000000000.0000000000 0.0000000000
2317739416745061278448294559744.0000000000 2250000000000.0000000000 0.0000000000
2317739416745061278448294559744.0000000000 2250000000000.0000000000 0.0000000000
2317739416745061278448294559744.0000000000 2250000000000.0000000000 0.0000000000
2317739416745061278448294559744.0000000000 2250000000000.0000000000 0.0000000000
2317739416745061278448294559744.0000000000 2250000000000.0000000000 0.0000000000
2317739416745061278448294559744.0000000000 2250000000000.0000000000 0.0000000000
2317739416745061278448294559744.0000000000 2250000000000.0000000000 0.0000000000
2317739416745061278448294559744.0000000000 2250000000000.0000000000 0.0000000000
2317739416745061278448294559744.0000000000 2250000000000.0000000000 0.0000000000
2317739416745061278448294559744.0000000000 2250000000000.0000000000 0.0000000000
2317739416745061278448294559744.0000000000 2250000000000.0000000000 0.0000000000
2317739416745061278448294559744.0000000000 2250000000000.0000000000 0.0000000000
2317739416745061278448294559744.0000000000 2250000000000.0000000000 0.0000000000
2317739416745061278448294559744.0000000000 2250000000000.0000000000 0.0000000000
2317739416745061278448294559744.0000000000 2250000000000.0000000000 0.0000000000
2317739416745061278448294559744.0000000000 2250000000000.0000000000 0.0000000000
2317739416745061278448294559744.0000000000 2250000000000.0000000000 0.0000000000
2317739416745061278448294559744.0000000000 2250000000000.0000000000 0.0000000000
2317739416745061278448294559744.0000000000 2250000000000.0000000000 0.0000000000
2317739416745061278448294559744.0000000000 2250000000000.0000000000 0.0000000000
2317739416745061278448294559744.0000000000 2250000000000.0000000000 0.0000000000
2317739416745061278448294559744.0000000000 2250000000000.0000000000 0.0000000000
2317739416745061278448294559744.0000000000 2250000000000.0000000000 0.0000000000
2317739416745061278448294559744.0000000000 2250000000000.0000000000 0.0000000000
2317739416745061278448294559744.0000000000 2250000000000.0000000000 0.0000000000
2317739416745061278448294559744.0000000000 2250000000000.0000000000 0.0000000000
2317739416745061278448294559744.0000000000 2250000000000.0000000000 0.0000000000
2317739416745061278448294559744.0000000000 2250000000000.0000000000 0.0000000000
2317739416745061278448294559744.0000000000 2250000000000.0000000000 0.0000000000
2317739416745061278448294559744.0000000000 2250000000000.0000000000 0.0000000000
2317739416745061278448294559744.0000000000 2250000000000.0000000000 0.0000000000
2317739416745061278448294559744.0000000000 2250000000000.0000000000 0.0000000000
2317739416745061278448294559744.0000000000 2250000000000.0000000000 0.0000000000
2317739416745061278448294559744.0000000000 2250000000000.0000000000 0.0000000000
2317739416745061278448294559744.0000000000 2250000000000.0000000000 0.0000000000
2317739416745061278448294559744.0000000000 2250000000000.0000000000 0.0000000000
2317739416745061278448294559744.0000000000 2250000000000.0000000000 0.0000000000
2317739416745061278448294559744.0000000000 2250000000000.0000000000 0.0000000000
2317739416745061278448294559744.0000000000 2250000000000.0000000000 0.0000000000
2317739416745061278448294559744.0000000000 2250000000000.0000000000 0.0000000000
2317739416745061278448294559744.0000000000 2250000000000.0000000000 0.0000000000
2317739416745061278448294559744.0000000000 2250000000000.0000000000 0.0000000000
2317739416745061278448294559744.0000000000 2250000000000.0000000000 0.0000000000
2317739416745061278448294559744.0000000000 2250000000000.0000000000 0.0000000000
2317739416745061278448294559744.0000000000 2250000000000.0000000000 0.0000000000
2317739416745061278448294559744.0000000000 2250000000000.0000000000 0.0000000000
2317739416745061278448294559744.0000000000 2250000000000.0000000000 0.0000000000
2317739416745061278448294559744.0000000000 2250000000000.0000000000 0.0000000000
2317739416745061278448294559744.0000000000 2250000000000.0000000000 0.0000000000
2317739416745061278448294559744.0000000000 2250000000000.0000000000 0.0000000000
2317739416745061278448294559744.0000000000 2250000000000.0000000000 0.0000000000
2317739416745061278448294559744.0000000000 2250000000000.0000000000 0.0000000000
2317739416745061278448294559744.0000000000 2250000000000.0000000000 0.0000000000
2317739416745061278448294559744.0000000000 2250000000000.0000000000 0.0000000000
2317739416745061278448294559744.0000000000 2250000000000.0000000000 0.0000000000
2317739416745061278448294559744.0000000000 2250000000000.0000000000 0.0000000000
2317739416745061278448294559744.0000000000 2250000000000.0000000000 0.0000000000
2317739416745061278448294559744.0000000000 2250000000000.0000000000 0.0000000000
2317739416745061278448294559744.0000000000 2250000000000.0000000000 0.0000000000
2317739416745061278448294559744.0000000000 2250000000000.0000000000 0.0000000000
2317739416745061278448294559744.0000000000 2250000000000.0000000000 0.0000000000
2317739416745061278448294559744.0000000000 2250000000000.0000000000 0.0000000000
2317739416745061278448294559744.0000000000 2250000000000.0000000000 0.0000000000
2317739416745061278448294559744.0000000000 2250000000000.0000000000 0.0000000000
2317739416745061278448294559744.0000000000 2250000000000.0000000000 0.0000000000
2317739416745061278448294559744.0000000000 2250000000000.0000000000 0.0000000000
2317739416745061278448294559744.0000000000 2250000000000.0000000000 0.0000000000
2317739416745061278448294559744.0000000000 2250000000000.0000000000 0.0000000000
2317739416745061278448294559744.0000000000 2250000000000.0000000000 0.0000000000
2317739416745061278448294559744.0000000000 2250000000000.0000000000 0.0000000000
2317739416745061278448294559744.0000000000 2250000000000.0000000000 0.0000000000
2317739416745061278448294559744.0000000000 2250000000000.0000000000 0.0000000000
2317739416745061278448294559744.0000000000 2250000000000.0000000000 0.0000000000
2317739416745061278448294559744.0000000000 2250000000000.0000000000 0.0000000000
2317739416745061278448294559744.0000000000 2250000000000.0000000000 0.0000000000
2317739416745061278448294559744.0000000000 2250000000000.0000000000 0.0000000000
2317739416745061278448294559744.0000000000 2250000000000.0000000000 0.0000000000
2317739416745061278448294559744.0000000000 2250000000000.0000000000 0.0000000000
2317739416745061278448294559744.0000000000 2250000000000.0000000000 0.0000000000
2317739416745061278448294559744.0000000000 2250000000000.0000000000 0.0000000000
2317739416745061278448294559744.0000000000 2250000000000.0000000000 0.0000000000
2317739416745061278448294559744.0000000000 2250000000000.0000000000 0.0000000000
2317739416745061278448294559744.0000000000 2250000000000.0000000000 0.0000000000
2317739416745061278448294559744.0000000000 2250000000000.0000000000 0.0000000000
2317739416745061278448294559744.0000000000 2250000000000.0000000000 0.0000000000
2317739416745061278448294559744.0000000000 2250000000000.0000000000 0.0000000000
2317739416745061278448294559744.0000000000 2250000000000.0000000000 0.0000000000
2317739416745061278448294559744.0000000000 2250000000000.0000000000 0.0000000000
2317739416745061278448294559744.0000000000 2250000000000.0000000000 0.0000000000
2317739416745061278448294559744.0000000000 2250000000000.0000000000 0.0000000000
2317739416745061278448294559744.0000000000 2250000000000.0000000000 0.0000000000
2317739416745061278448294559744.0000000000 2250000000000.0000000000 0.0000000000
2317739416745061278448294559744.0000000000 2250000000000.0000000000 0.0000000000
2317739416745061278448294559744.0000000000 2250000000000.0000000000 0.0000000000
2317739416745061278448294559744.0000000000 2250000000000.0000000000 0.0000000000
2317739416745061278448294559744.0000000000 2250000000000.0000000000 0.0000000000
2317739416745061278448294559744.0000000000 2250000000000.0000000000 0.0000000000
2317739416745061278448294559744.0000000000 2250000000000.0000000000 0.0000000000
2317739416745061278448294559744.0000000000 2250000000000.0000000000 0.0000000000
2317739416745061278448294559744.0000000000 2250000000000.0000000000 0.0000000000
2317739416745061278448294559744.0000000000 2250000000000.0000000000 0.0000000000
2317739416745061278448294559744.0000000000 2250000000000.0000000000 0.0000000000
2317739416745061278448294559744.0000000000 2250000000000.0000000000 0.0000000000
2317739416745061278448294559744.0000000000 2250000000000.0000000000 0.0000000000
2317739416745061278448294559744.0000000000 2250000000000.0000000000 0.0000000000
2317739416745061278448294559744.0000000000 2250000000000.0000000000 0.0000000000
2317739416745061278448294559744.0000000000 2250000000000.0000000000 0.0000000000
2317739416745061278448294559744.0000000000 2250000000000.0000000000 0.0000000000
2317739416745061278448294559744.0000000000 2250000000000.0000000000 0.0000000000
2317739416745061278448294559744.0000000000 2250000000000.0000000000 0.0000000000
2317739416745061278448294559744.0000000000 2250000000000.0000000000 0.0000000000
2317739416745061278448294559744.0000000000 2250000000000.0000000000 0.0000000000
2317739416745061278448294559744.0000000000 2250000000000.0000000000 0.0000000000
2317739416745061278448294559744.0000000000 2250000000000.0000000000 0.0000000000
2317739416745061278448294559744.0000000000 2250000000000.0000000000 0.0000000000
2317739416745061278448294559744.0000000000 2250000000000.0000000000 0.0000000000
2317739416745061278448294559744.0000000000 2250000000000.0000000000 0.0000000000
2317739416745061278448294559744.0000000000 2250000000000.0000000000 0.0000000000
2317739416745061278448294559744.0000000000 2250000000000.0000000000 0.0000000000
2317739416745061278448294559744.0000000000 2250000000000.0000000000 0.0000000000
2317739416745061278448294559744.0000000000 2250000000000.0000000000 0.0000000000
2317739416745061278448294559744.0000000000 2250000000000.0000000000 0.0000000000
2317739416745061278448294559744.0000000000 2250000000000.0000000000 0.0000000000
2317739416745061278448294559744.0000000000 2250000000000.0000000000 0.0000000000
2317739416745061278448294559744.0000000000 2250000000000.0000000000 0.0000000000
2317739416745061278448294559744.0000000000 2250000000000.0000000000 0.0000000000
2317739416745061278448294559744.0000000000 2250000000000.0000000000 0.0000000000
2317739416745061278448294559744.0000000000 2250000000000.0000000000 0.0000000000
2317739416745061278448294559744.0000000000 2250000000000.0000000000 0.0000000000
2317739416745061278448294559744.0000000000 2250000000000.0000000000 0.0000000000
2317739416745061278448294559744.0000000000 2250000000000.0000000000 0.0000000000
2317739416745061278448294559744.0000000000 2250000000000.0000000000 0.0000000000
2317739416745061278448294559744.0000000000 2250000000000.0000000000 0.0000000000
2317739416745061278448294559744.0000000000 2250000000000.0000000000 0.0000000000
2317739416745061278448294559744.0000000000 2250000000000.0000000000 0.0000000000
2317739416745061278448294559744.0000000000 2250000000000.0000000000 0.0000000000
2317739416745061278448294559744.0000000000 2250000000000.0000000000 0.0000000000
2317739416745061278448294559744.0000000000 2250000000000.0000000000 0.0000000000
2317739416745061278448294559744.0000000000 2250000000000.0000000000 0.0000000000
2317739416745061278448294559744.0000000000 2250000000000.0000000000 0.0000000000
2317739416745061278448294559744.0000000000 2250000000000.0000000000 0.0000000000
2317739416745061278448294559744.0000000000 2250000000000.0000000000 0.0000000000
2317739416745061278448294559744.0000000000 2250000000000.0000000000 0.0000000000
2317739416745061278448294559744.0000000000 2250000000000.0000000000 0.0000000000
2317739416745061278448294559744.0000000000 2250000000000.0000000000 0.0000000000
2317739416745061278448294559744.0000000000 2250000000000.0000000000 0.0000000000
2317739416745061278448294559744.0000000000 2250000000000.0000000000 0.0000000000
2317739416745061278448294559744.0000000000 2250000000000.0000000000 0.0000000000
2317739416745061278448294559744.0000000000 2250000000000.0000000000 0.0000000000
2317739416745061278448294559744.0000000000 2250000000000.0000000000 0.0000000000
2317739416745061278448294559744.0000000000 2250000000000.0000000000 0.0000000000
2317739416745061278448294559744.0000000000 2250000000000.0000000000 0.0000000000
2317739416745061278448294559744.0000000000 2250000000000.0000000000 0.0000000000
2317739416745061278448294559744.0000000000 2250000000000.0000000000 0.0000000000
2317739416745061278448294559744.0000000000 2250000000000.0000000000 0.0000000000
2317739416745061278448294559744.0000000000 2250000000000.0000000000 0.0000000000
2317739416745061278448294559744.0000000000 2250000000000.0000000000 0.0000000000
2317739416745061278448294559744.0000000000 2250000000000.0000000000 0.0000000000
2317739416745061278448294559744.0000000000 2250000000000.0000000000 0.0000000000
2317739416745061278448294559744.0000000000 2250000000000.0000000000 0.0000000000
2317739416745061278448294559744.0000000000 2250000000000.0000000000 0.0000000000
2317739416745061278448294559744.0000000000 2250000000000.0000000000 0.0000000000
2317739416745061278448294559744.0000000000 2250000000000.0000000000 0.0000000000
2317739416745061278448294559744.0000000000 2250000000000.0000000000 0.0000000000
2317739416745061278448294559744.0000000000 2250000000000.0000000000 0.0000000000
2317739416745061278448294559744.0000000000 2250000000000.0000000000 0.0000000000
2317739416745061278448294559744.0000000000 2250000000000.0000000000 0.0000000000
2317739416745061278448294559744.0000000000 2250000000000.0000000000 0.0000000000
2317739416745061278448294559744.0000000000 2250000000000.0000000000 0.0000000000
2317739416745061278448294559744.0000000000 2250000000000.0000000000 0.0000000000
2317739416745061278448294559744.0000000000 2250000000000.0000000000 0.0000000000
2317739416745061278448294559744.0000000000 2250000000000.0000000000 0.0000000000
2317739416745061278448294559744.0000000000 2250000000000.0000000000 0.0000000000
2317739416745061278448294559744.0000000000 2250000000000.0000000000 0.0000000000
2317739416745061278448294559744.0000000000 2250000000000.0000000000 0.0000000000
2317739416745061278448294559744.0000000000 2250000000000.0000000000 0.0000000000
2317739416745061278448294559744.0000000000 2250000000000.0000000000 0.0000000000
2317739416745061278448294559744.0000000000 2250000000000.0000000000 0.0000000000
2317739416745061278448294559744.0000000000 2250000000000.0000000000 0.0000000000
2317739416745061278448294559744.0000000000 2250000000000.0000000000 0.0000000000
2317739416745061278448294559744.0000000000 2250000000000.0000000000 0.0000000000
2317739416745061278448294559744.0000000000 2250000000000.0000000000 0.0000000000
2317739416745061278448294559744.0000000000 2250000000000.0000000000 0.0000000000
2317739416745061278448294559744.0000000000 2250000000000.0000000000 0.0000000000
2317739416745061278448294559744.0000000000 2250000000000.0000000000 0.0000000000
2317739416745061278448294559744.0000000000 2250000000000.0000000000 0.0000000000
2317739416745061278448294559744.0000000000 2250000000000.0000000000 0.0000000000
2317739416745061278448294559744.0000000000 2250000000000.0000000000 0.0000000000
2317739416745061278448294559744.0000000000 2250000000000.0000000000 0.0000000001
2317739416745061278448294559744.0000000000 2250000000000.0000000000 0.0000000001
2317739416745061278448294559744.0000000000 2250000000000.0000000000 0.0000000001
2317739416745061278448294559744.0000000000 2250000000000.0000000000 0.0000000001
2317739416745061278448294559744.0000000000 2250000000000.0000000000 0.0000000001
2317739416745061278448294559744.0000000000 2250000000000.0000000000 0.0000000001
2317739416745061278448294559744.0000000000 2250000000000.0000000000 0.0000000001
2317739416745061278448294559744.0000000000 2250000000000.0000000000 0.0000000001
2317739416745061278448294559744.0000000000 2250000000000.0000000000 0.0000000001
2317739416745061278448294559744.0000000000 2250000000000.0000000000 0.0000000001
2317739416745061278448294559744.0000000000 2250000000000.0000000000 0.0000000001
2317739416745061278448294559744.0000000000 2250000000000.0000000000 0.0000000001
2317739416745061278448294559744.0000000000 2250000000000.0000000000 0.0000000001
2317739416745061278448294559744.0000000000 2250000000000.0000000000 0.0000000001
2317739416745061278448294559744.0000000000 2250000000000.0000000000 0.0000000001
2317739416745061278448294559744.0000000000 2250000000000.0000000000 0.0000000002
2317739416745061278448294559744.0000000000 2250000000000.0000000000 0.0000000002
2317739416745061278448294559744.0000000000 2250000000000.0000000000 0.0000000002
2317739416745061278448294559744.0000000000 2250000000000.0000000000 0.0000000002
2317739416745061278448294559744.0000000000 2250000000000.0000000000 0.0000000002
2317739416745061278448294559744.0000000000 2250000000000.0000000000 0.0000000002
2317739416745061278448294559744.0000000000 2250000000000.0000000000 0.0000000002
2317739416745061278448294559744.0000000000 2250000000000.0000000000 0.0000000003
2317739416745061278448294559744.0000000000 2250000000000.0000000000 0.0000000003
2317739416745061278448294559744.0000000000 2250000000000.0000000000 0.0000000003
2317739416745061278448294559744.0000000000 2250000000000.0000000000 0.0000000003
2317739416745061278448294559744.0000000000 2250000000000.0000000000 0.0000000004
2317739416745061278448294559744.0000000000 2250000000000.0000000000 0.0000000004
2317739416745061278448294559744.0000000000 2250000000000.0000000000 0.0000000004
2317739416745061278448294559744.0000000000 2250000000000.0000000000 0.0000000004
2317739416745061278448294559744.0000000000 2250000000000.0000000000 0.0000000005
2317739416745061278448294559744.0000000000 2250000000000.0000000000 0.0000000005
2317739416745061278448294559744.0000000000 2250000000000.0000000000 0.0000000006
2317739416745061278448294559744.0000000000 2250000000000.0000000000 0.0000000006
2317739416745061278448294559744.0000000000 2250000000000.0000000000 0.0000000006
2317739416745061278448294559744.0000000000 2250000000000.0000000000 0.0000000007
2317739416745061278448294559744.0000000000 2250000000000.0000000000 0.0000000008
2317739416745061278448294559744.0000000000 2250000000000.0000000000 0.0000000008
2317739416745061278448294559744.0000000000 2250000000000.0000000000 0.0000000009
2317739416745061278448294559744.0000000000 2250000000000.0000000000 0.0000000009
2317739416745061278448294559744.0000000000 2250000000000.0000000000 0.0000000010
2317739416745061278448294559744.0000000000 2250000000000.0000000000 0.0000000011
2317739416745061278448294559744.0000000000 2250000000000.0000000000 0.0000000012
2317739416745061278448294559744.0000000000 2250000000000.0000000000 0.0000000013
2317739416745061278448294559744.0000000000 2250000000000.0000000000 0.0000000014
2317739416745061278448294559744.0000000000 2250000000000.0000000000 0.0000000015
2317739416745061278448294559744.0000000000 2250000000000.0000000000 0.0000000016
2317739416745061278448294559744.0000000000 2250000000000.0000000000 0.0000000017
2317739416745061278448294559744.0000000000 2250000000000.0000000000 0.0000000018
2317739416745061278448294559744.0000000000 2250000000000.0000000000 0.0000000020
2317739416745061278448294559744.0000000000 2250000000000.0000000000 0.0000000021
2317739416745061278448294559744.0000000000 2250000000000.0000000000 0.0000000023
2317739416745061278448294559744.0000000000 2250000000000.0000000000 0.0000000024
2317739416745061278448294559744.0000000000 2250000000000.0000000000 0.0000000026
2317739416745061278448294559744.0000000000 2250000000000.0000000000 0.0000000028
2317739416745061278448294559744.0000000000 2250000000000.0000000000 0.0000000031
2317739416745061278448294559744.0000000000 2250000000000.0000000000 0.0000000033
2317739416745061278448294559744.0000000000 2250000000000.0000000000 0.0000000035
2317739416745061278448294559744.0000000000 2250000000000.0000000000 0.0000000038
2317739416745061278448294559744.0000000000 2250000000000.0000000000 0.0000000041
2317739416745061278448294559744.0000000000 2250000000000.0000000000 0.0000000044
2317739416745061278448294559744.0000000000 2250000000000.0000000000 0.0000000048
2317739416745061278448294559744.0000000000 2250000000000.0000000000 0.0000000051
2317739416745061278448294559744.0000000000 2250000000000.0000000000 0.0000000055
2317739416745061278448294559744.0000000000 2250000000000.0000000000 0.0000000059
2317739416745061278448294559744.0000000000 2250000000000.0000000000 0.0000000064
2317739416745061278448294559744.0000000000 2250000000000.0000000000 0.0000000069
2317739416745061278448294559744.0000000000 2250000000000.0000000000 0.0000000074
2317739416745061278448294559744.0000000000 2250000000000.0000000000 0.0000000080
2317739416745061278448294559744.0000000000 2250000000000.0000000000 0.0000000086
2317739416745061278448294559744.0000000000 2250000000000.0000000000 0.0000000093
2317739416745061278448294559744.0000000000 2250000000000.0000000000 0.0000000100
2317739416745061278448294559744.0000000000 2250000000000.0000000000 0.0000000107
2317739416745061278448294559744.0000000000 2250000000000.0000000000 0.0000000115
2317739416745061278448294559744.0000000000 2250000000000.0000000000 0.0000000124
2317739416745061278448294559744.0000000000 2250000000000.0000000000 0.0000000134
2317739416745061278448294559744.0000000000 2250000000000.0000000000 0.0000000144
2317739416745061278448294559744.0000000000 2250000000000.0000000000 0.0000000155
2317739416745061278448294559744.0000000000 2250000000000.0000000000 0.0000000167
2317739416745061278448294559744.0000000000 2250000000000.0000000000 0.0000000180
2317739416745061278448294559744.0000000000 2250000000000.0000000000 0.0000000194
2317739416745061278448294559744.0000000000 2250000000000.0000000000 0.0000000209
2317739416745061278448294559744.0000000000 2250000000000.0000000000 0.0000000225
2317739416745061278448294559744.0000000000 2250000000000.0000000000 0.0000000242
2317739416745061278448294559744.0000000000 2250000000000.0000000000 0.0000000260
2317739416745061278448294559744.0000000000 2250000000000.0000000000 0.0000000280
2317739416745061278448294559744.0000000000 2250000000000.0000000000 0.0000000302
2317739416745061278448294559744.0000000000 2250000000000.0000000000 0.0000000325
2317739416745061278448294559744.0000000000 2250000000000.0000000000 0.0000000350
2317739416745061278448294559744.0000000000 2250000000000.0000000000 0.0000000377
2317739416745061278448294559744.0000000000 2250000000000.0000000000 0.0000000405
2317739416745061278448294559744.0000000000 2250000000000.0000000000 0.0000000437
2317739416745061278448294559744.0000000000 2250000000000.0000000000 0.0000000470
2317739416745061278448294559744.0000000000 2250000000000.0000000000 0.0000000506
2317739416745061278448294559744.0000000000 2250000000000.0000000000 0.0000000545
2317739416745061278448294559744.0000000000 2250000000000.0000000000 0.0000000587
2317739416745061278448294559744.0000000000 2250000000000.0000000000 0.0000000632
2317739416745061278448294559744.0000000000 2250000000000.0000000000 0.0000000680
2317739416745061278448294559744.0000000000 2250000000000.0000000000 0.0000000732
2317739416745061278448294559744.0000000000 2250000000000.0000000000 0.0000000788
2317739416745061278448294559744.0000000000 2250000000000.0000000000 0.0000000849
2317739416745061278448294559744.0000000000 2250000000000.0000000000 0.0000000914
2317739416745061278448294559744.0000000000 2250000000000.0000000000 0.0000000984
2317739416745061278448294559744.0000000000 2250000000000.0000000000 0.0000001059
2317739416745061278448294559744.0000000000 2250000000000.0000000000 0.0000001140
2317739416745061278448294559744.0000000000 2250000000000.0000000000 0.0000001228
2317739416745061278448294559744.0000000000 2250000000000.0000000000 0.0000001322
2317739416745061278448294559744.0000000000 2250000000000.0000000000 0.0000001423
2317739416745061278448294559744.0000000000 2250000000000.0000000000 0.0000001533
2317739416745061278448294559744.0000000000 2250000000000.0000000000 0.0000001650
2317739416745061278448294559744.0000000000 2250000000000.0000000000 0.0000001776
2317739416745061278448294559744.0000000000 2250000000000.0000000000 0.0000001913
2317739416745061278448294559744.0000000000 2250000000000.0000000000 0.0000002059
2317739416745061278448294559744.0000000000 2250000000000.0000000000 0.0000002217
2317739416745061278448294559744.0000000000 2250000000000.0000000000 0.0000002387
2317739416745061278448294559744.0000000000 2250000000000.0000000000 0.0000002570
2317739416745061278448294559744.0000000000 2250000000000.0000000000 0.0000002767
2317739416745061278448294559744.0000000000 2250000000000.0000000000 0.0000002979
2317739416745061278448294559744.0000000000 2250000000000.0000000000 0.0000003208
2317739416745061278448294559744.0000000000 2250000000000.0000000000 0.0000003454
2317739416745061278448294559744.0000000000 2250000000000.0000000000 0.0000003719
2317739416745061278448294559744.0000000000 2250000000000.0000000000 0.0000004004
2317739416745061278448294559744.0000000000 2250000000000.0000000000 0.0000004311
2317739416745061278448294559744.0000000000 2250000000000.0000000000 0.0000004641
2317739416745061278448294559744.0000000000 2250000000000.0000000000 0.0000004997
2317739416745061278448294559744.0000000000 2250000000000.0000000000 0.0000005380
2317739416745061278448294559744.0000000000 2250000000000.0000000000 0.0000005792
2317739416745061278448294559744.0000000000 2250000000000.0000000000 0.0000006237
2317739416745061278448294559744.0000000000 2250000000000.0000000000 0.0000006715
2317739416745061278448294559744.0000000000 2250000000000.0000000000 0.0000007229
2317739416745061278448294559744.0000000000 2250000000000.0000000000 0.0000007784
2317739416745061278448294559744.0000000000 2250000000000.0000000000 0.0000008381
2317739416745061278448294559744.0000000000 2250000000000.0000000000 0.0000009023
2317739416745061278448294559744.0000000000 2250000000000.0000000000 0.0000009715
2317739416745061278448294559744.0000000000 2250000000000.0000000000 0.0000010460
2317739416745061278448294559744.0000000000 2250000000000.0000000000 0.0000011269
2317739416745061278448294559744.0000000000 2250000000000.0000000000 0.0000012140
2317739416745061278448294559744.0000000000 2250000000000.0000000000 0.0000013077
2317739416745061278448294559744.0000000000 2250000000000.0000000000 0.0000014084
2317739416745061278448294559744.0000000000 2250000000000.0000000000 0.0000015168
2317739416745061278448294559744.0000000000 2250000000000.0000000000 0.0000016335
2317739416745061278448294559744.0000000000 2250000000000.0000000000 0.0000017590
2317739416745061278448294559744.0000000000 2250000000000.0000000000 0.0000018941
2317739416745061278448294559744.0000000000 2250000000000.0000000000 0.0000020396
2317739416745061278448294559744.0000000000 2250000000000.0000000000 0.0000021962
2317739416745061278448294559744.0000000000 2250000000000.0000000000 0.0000023647
2317739416745061278448294559744.0000000000 2250000000000.0000000000 0.0000025462
2317739416745061278448294559744.0000000000 2250000000000.0000000000 0.0000027415
2317739416745061278448294559744.0000000000 2250000000000.0000000000 0.0000029518
2317739416745061278448294559744.0000000000 2250000000000.0000000000 0.0000031782
2317739416745061278448294559744.0000000000 2250000000000.0000000000 0.0000034219
2317739416745061278448294559744.0000000000 2250000000000.0000000000 0.0000036843
2317739416745061278448294559744.0000000000 2250000000000.0000000000 0.0000039669
2317739416745061278448294559744.0000000000 2250000000000.0000000000 0.0000042710
2317739416745061278448294559744.0000000000 2250000000000.0000000000 0.0000045985
2317739416745061278448294559744.0000000000 2250000000000.0000000000 0.0000049511
2317739416745061278448294559744.0000000000 2250000000000.0000000000 0.0000053307
2317739416745061278448294559744.0000000000 2250000000000.0000000000 0.0000057395
2317739416745061278448294559744.0000000000 2250000000000.0000000000 0.0000061795
2317739416745061278448294559744.0000000000 2250000000000.0000000000 0.0000066533
2317739416745061278448294559744.0000000000 2250000000000.0000000000 0.0000071634
2317739416745061278448294559744.0000000000 2250000000000.0000000000 0.0000077126
2317739416745061278448294559744.0000000000 2250000000000.0000000000 0.0000083039
2317739416745061278448294559744.0000000000 2250000000000.0000000000 0.0000089406
2317739416745061278448294559744.0000000000 2250000000000.0000000000 0.0000096260
2317739416745061278448294559744.0000000000 2250000000000.0000000000 0.0000103640
2317739416745061278448294559744.0000000000 2250000000000.0000000000 0.0000111586
2317739416745061278448294559744.0000000000 2250000000000.0000000000 0.0000120141
2317739416745061278448294559744.0000000000 2250000000000.0000000000 0.0000129352
2317739416745061278448294559744.0000000000 2250000000000.0000000000 0.0000139269
2317739416745061278448294559744.0000000000 2250000000000.0000000000 0.0000149946
2317739416745061278448294559744.0000000000 2250000000000.0000000000 0.0000161442
2317739416745061278448294559744.0000000000 2250000000000.0000000000 0.0000173819
2317739416745061278448294559744.0000000000 2250000000000.0000000000 0.0000187145
2317739416745061278448294559744.0000000000 2250000000000.0000000000 0.0000201493
2317739416745061278448294559744.0000000000 2250000000000.0000000000 0.0000216941
2317739416745061278448294559744.0000000000 2250000000000.0000000000 0.0000233573
2317739416745061278448294559744.0000000000 2250000000000.0000000000 0.0000251481
2317739416745061278448294559744.0000000000 2250000000000.0000000000 0.0000270761
2317739416745061278448294559744.0000000000 2250000000000.0000000000 0.0000291519
2317739416745061278448294559744.0000000000 2250000000000.0000000000 0.0000313869
2317739416745061278448294559744.0000000000 2250000000000.0000000000 0.0000337932
2317739416745061278448294559744.0000000000 2250000000000.0000000000 0.0000363840
2317739416745061278448294559744.0000000000 2250000000000.0000000000 0.0000391735
2317739416745061278448294559744.0000000000 2250000000000.0000000000 0.0000421768
2317739416745061278448294559744.0000000000 2250000000000.0000000000 0.0000454103
2317739416745061278448294559744.0000000000 2250000000000.0000000000 0.0000488918
2317739416745061278448294559744.0000000000 2250000000000.0000000000 0.0000526402
2317739416745061278448294559744.0000000000 2250000000000.0000000000 0.0000566759
2317739416745061278448294559744.0000000000 2250000000000.0000000000 0.0000610211
2317739416745061278448294559744.0000000000 2250000000000.0000000000 0.0000656994
2317739416745061278448294559744.0000000000 2250000000000.0000000000 0.0000707363
2317739416745061278448294559744.0000000000 2250000000000.0000000000 0.0000761594
2317739416745061278448294559744.0000000000 2250000000000.0000000000 0.0000819983
2317739416745061278448294559744.0000000000 2250000000000.0000000000 0.0000882848
2317739416745061278448294559744.0000000000 2250000000000.0000000000 0.0000950534
2317739416745061278448294559744.0000000000 2250000000000.0000000000 0.0001023408
2317739416745061278448294559744.0000000000 2250000000000.0000000000 0.0001101869
2317739416745061278448294559744.0000000000 2250000000000.0000000000 0.0001186346
2317739416745061278448294559744.0000000000 2250000000000.0000000000 0.0001277299
2317739416745061278448294559744.0000000000 2250000000000.0000000000 0.0001375225
2317739416745061278448294559744.0000000000 2250000000000.0000000000 0.0001480659
2317739416745061278448294559744.0000000000 2250000000000.0000000000 0.0001594176
2317739416745061278448294559744.0000000000 2250000000000.0000000000 0.0001716396
2317739416745061278448294559744.0000000000 2250000000000.0000000000 0.0001847987
2317739416745061278448294559744.0000000000 2250000000000.0000000000 0.0001989666
2317739416745061278448294559744.0000000000 2250000000000.0000000000 0.0002142207
2317739416745061278448294559744.0000000000 2250000000000.0000000000 0.0002306443
2317739416745061278448294559744.0000000000 2250000000000.0000000000 0.0002483270
2317739416745061278448294559744.0000000000 2250000000000.0000000000 0.0002673654
2317739416745061278448294559744.0000000000 2250000000000.0000000000 0.0002878634
2317739416745061278448294559744.0000000000 2250000000000.0000000000 0.0003099329
2317739416745061278448294559744.0000000000 2250000000000.0000000000 0.0003336945
2317739416745061278448294559744.0000000000 2250000000000.0000000000 0.0003592777
2317739416745061278448294559744.0000000000 2250000000000.0000000000 0.0003868223
2317739416745061278448294559744.0000000000 2250000000000.0000000000 0.0004164787
2317739416745061278448294559744.0000000000 2250000000000.0000000000 0.0004484087
2317739416745061278448294559744.0000000000 2250000000000.0000000000 0.0004827867
2317739416745061278448294559744.0000000000 2250000000000.0000000000 0.0005198004
2317739416745061278448294559744.0000000000 2250000000000.0000000000 0.0005596517
2317739416745061278448294559744.0000000000 2250000000000.0000000000 0.0006025584
2317739416745061278448294559744.0000000000 2250000000000.0000000000 0.0006487545
2317739416745061278448294559744.0000000000 2250000000000.0000000000 0.0006984924
2317739416745061278448294559744.0000000000 2250000000000.0000000000 0.0007520435
2317739416745061278448294559744.0000000000 2250000000000.0000000000 0.0008097001
2317739416745061278448294559744.0000000000 2250000000000.0000000000 0.0008717771
2317739416745061278448294559744.0000000000 2250000000000.0000000000 0.0009386134
2317739416745061278448294559744.0000000000 2250000000000.0000000000 0.0010105737
2317739416745061278448294559744.0000000000 2250000000000.0000000000 0.0010880510
2317739416745061278448294559744.0000000000 2250000000000.0000000000 0.0011714683
2317739416745061278448294559744.0000000000 2250000000000.0000000000 0.0012612809
2317739416745061278448294559744.0000000000 2250000000000.0000000000 0.0013579791
2317739416745061278448294559744.0000000000 2250000000000.0000000000 0.0014620908
2317739416745061278448294559744.0000000000 2250000000000.0000000000 0.0015741844
2317739416745061278448294559744.0000000000 2250000000000.0000000000 0.0016948719
2317739416745061278448294559744.0000000000 2250000000000.0000000000 0.0018248121
2317739416745061278448294559744.0000000000 2250000000000.0000000000 0.0019647143
2317739416745061278448294559744.0000000000 2250000000000.0000000000 0.0021153424
2317739416745061278448294559744.0000000000 2250000000000.0000000000 0.0022775187
2317739416745061278448294559744.0000000000 2250000000000.0000000000 0.0024521284
2317739416745061278448294559744.0000000000 2250000000000.0000000000 0.0026401249
2317739416745061278448294559744.0000000000 2250000000000.0000000000 0.0028425345
2317739416745061278448294559744.0000000000 2250000000000.0000000000 0.0030604622
2317739416745061278448294559744.0000000000 2250000000000.0000000000 0.0032950976
2317739416745061278448294559744.0000000000 2250000000000.0000000000 0.0035477217
2317739416745061278448294559744.0000000000 2250000000000.0000000000 0.0038197137
2317739416745061278448294559744.0000000000 2250000000000.0000000000 0.0041125585
2317739416745061278448294559744.0000000000 2250000000000.0000000000 0.0044278546
2317739416745061278448294559744.0000000000 2250000000000.0000000000 0.0047673234
2317739416745061278448294559744.0000000000 2250000000000.0000000000 0.0051328182
2317739416745061278448294559744.0000000000 2250000000000.0000000000 0.0055263343
2317739416745061278448294559744.0000000000 2250000000000.0000000000 0.0059500199
2317739416745061278448294559744.0000000000 2250000000000.0000000000 0.0064061881
2317739416745061278448294559744.0000000000 2250000000000.0000000000 0.0068973292
2317739416745061278448294559744.0000000000 2250000000000.0000000000 0.0074261244
2317739416745061278448294559744.0000000000 2250000000000.0000000000 0.0079954607
2317739416745061278448294559744.0000000000 2250000000000.0000000000 0.0086084460
2317739416745061278448294559744.0000000000 2250000000000.0000000000 0.0092684268
2317739416745061278448294559744.0000000000 2250000000000.0000000000 0.0099790062
2317739416745061278448294559744.0000000000 2250000000000.0000000000 0.0107440633
2317739416745061278448294559744.0000000000 2250000000000.0000000000 0.0115677749
2317739416745061278448294559744.0000000000 2250000000000.0000000000 0.0124546376
2317739416745061278448294559744.0000000000 2250000000000.0000000000 0.0134094931
2317739416745061278448294559744.0000000000 2250000000000.0000000000 0.0144375543
2317739416745061278448294559744.0000000000 2250000000000.0000000000 0.0155444334
2317739416745061278448294559744.0000000000 2250000000000.0000000000 0.0167361733
2317739416745061278448294559744.0000000000 2250000000000.0000000000 0.0180192799
2317739416745061278448294559744.0000000000 2250000000000.0000000000 0.0194007580
2317739416745061278448294559744.0000000000 2250000000000.0000000000 0.0208881495
2317739416745061278448294559744.0000000000 2250000000000.0000000000 0.0224895742
2317739416745061278448294559744.0000000000 2250000000000.0000000000 0.0242137749
2317739416745061278448294559744.0000000000 2250000000000.0000000000 0.0260701643
2317739416745061278448294559744.0000000000 2250000000000.0000000000 0.0280688769
2317739416745061278448294559744.0000000000 2250000000000.0000000000 0.0302208241
2317739416745061278448294559744.0000000000 2250000000000.0000000000 0.0325377539
2317739416745061278448294559744.0000000000 2250000000000.0000000000 0.0350323151
2317739416745060996973317849088.0000000000 2250000000000.0000000000 0.0377181259
2317739416745060715498341138432.0000000000 2249999999999.9995117188 0.0406098488
2317739416745060434023364427776.0000000000 2249999999999.9995117188 0.0437232705
2317739416745060152548387717120.0000000000 2249999999999.9990234375 0.0470753879
2317739416745059871073411006464.0000000000 2249999999999.9990234375 0.0506845010
2317739416745059589598434295808.0000000000 2249999999999.9985351562 0.0545703127
2317739416745059308123457585152.0000000000 2249999999999.9985351562 0.0587540366
2317739416745058745173504163840.0000000000 2249999999999.9980468750 0.0632585127
2317739416745058182223550742528.0000000000 2249999999999.9975585938 0.0681083320
2317739416745057619273597321216.0000000000 2249999999999.9970703125 0.0733299708
2317739416745057056323643899904.0000000000 2249999999999.9965820312 0.0789519351
2317739416745056211898713767936.0000000000 2249999999999.9956054688 0.0850049168
2317739416745055367473783635968.0000000000 2249999999999.9951171875 0.0915219604
2317739416745054241573876793344.0000000000 2249999999999.9941406250 0.0985386439
2317739416745053115673969950720.0000000000 2249999999999.9931640625 0.1060932732
2317739416745051708299086397440.0000000000 2249999999999.9921875000 0.1142270908
2317739416745050019449226133504.0000000000 2249999999999.9907226562 0.1229845010
2317739416745048049124389158912.0000000000 2249999999999.9887695312 0.1324133127
2317739416745045797324575473664.0000000000 2249999999999.9873046875 0.1425649999
2317739416745043264049785077760.0000000000 2249999999999.9848632812 0.1534949832
2317739416745040167825041260544.0000000000 2249999999999.9824218750 0.1652629318
2317739416745036508650344022016.0000000000 2249999999999.9794921875 0.1779330898
2317739416745032286525693362176.0000000000 2249999999999.9755859375 0.1915746266
2317739416745027501451089281024.0000000000 2249999999999.9716796875 0.2062620145
2317739416745021871951555067904.0000000000 2249999999999.9672851562 0.2220754355
2317739416745015398027090722816.0000000000 2249999999999.9619140625 0.2391012188
2317739416745008079677696245760.0000000000 2249999999999.9555664062 0.2574323121
2317739416744999353953418215424.0000000000 2249999999999.9482421875 0.2771687892
2317739416744989502329233342464.0000000000 2249999999999.9399414062 0.2984183963
2317739416744977961855188205568.0000000000 2249999999999.9301757812 0.3212971398
2317739416744964451056306094080.0000000000 2249999999999.9189453125 0.3459299203
2317739416744948969932587008000.0000000000 2249999999999.9062500000 0.3724512140
2317739416744930955534077526016.0000000000 2249999999999.8911132812 0.4010058069
2317739416744910126385800937472.0000000000 2249999999999.8735351562 0.4317495852
2317739416744885919537803821056.0000000000 2249999999999.8535156250 0.4648503865
2317739416744857772040132755456.0000000000 2249999999999.8300781250 0.5004889159
2317739416744825402417811030016.0000000000 2249999999999.8027343750 0.5388597325
2317739416744787684770931802112.0000000000 2249999999999.7714843750 0.5801723117
2317739416744744056149541650432.0000000000 2249999999999.7348632812 0.6246521886
2317739416744693390653733732352.0000000000 2249999999999.6923828125 0.6725421893
2317739416744634843858577915904.0000000000 2249999999999.6435546875 0.7241037568
2317739416744566726914213937152.0000000000 2249999999999.5869140625 0.7796183777
2317739416744487913920734953472.0000000000 2249999999999.5209960938 0.8393891196
2317739416744396434553303990272.0000000000 2249999999999.4443359375 0.9037422850
2317739416744290599962060783616.0000000000 2249999999999.3559570312 0.9730291930
2317739416744167876872214937600.0000000000 2249999999999.2534179688 1.0476280972
2317739416744025450533999345664.0000000000 2249999999999.1342773438 1.1279462507
2317739416743860506197646901248.0000000000 2249999999998.9965820312 1.2144221293
2317739416743669384688460365824.0000000000 2249999999998.8369140625 1.3075278252
2317739416743447582406812368896.0000000000 2249999999998.6513671875 1.4077716244
2317739416743190595753075539968.0000000000 2249999999998.4365234375 1.5157007815
2317739416742892795227715665920.0000000000 2249999999998.1879882812 1.6319045072
2317739416742547425431291691008.0000000000 2249999999997.8994140625 1.7570171852
2317739416742147168014409138176.0000000000 2249999999997.5649414062 1.8917218351
2317739416741683015777813266432.0000000000 2249999999997.1767578125 2.0367538414
2317739416741145117097319202816.0000000000 2249999999996.7275390625 2.1929049681
2317739416740521650023905099776.0000000000 2249999999996.2060546875 2.3610276811
2317739416739798822283712135168.0000000000 2249999999995.6020507812 2.5420398019
2317739416738960871278044512256.0000000000 2249999999994.9018554688 2.7369295187
2317739416737989501133416038400.0000000000 2249999999994.0903320312 2.9467607802
2317739416736863601226573414400.0000000000 2249999999993.1494140625 3.1726791050
2317739416735558401759566102528.0000000000 2249999999992.0585937500 3.4159178347
2317739416734045192284769615872.0000000000 2249999999990.7939453125 3.6778048667
2317739416732291321704885518336.0000000000 2249999999989.3281250000 3.9597699044
2317739416730257946473127739392.0000000000 2249999999987.6289062500 4.2633522615
2317739416727900875018152706048.0000000000 2249999999985.6591796875 4.5902092659
2317739416725168597419222368256.0000000000 2249999999983.3759765625 4.9421253070
2317739416722001440981274066944.0000000000 2249999999980.7290039062 5.3210215777
2317739416718329881385060270080.0000000000 2249999999977.6606445312 5.7289665624
2317739416714073979737195151360.0000000000 2249999999974.1040039062 6.1681873289
2317739416709140286345410772992.0000000000 2249999999969.9809570312 6.6410816873
2317739416703421277768603664384.0000000000 2249999999965.2016601562 7.1502312796
2317739416696791697642137583616.0000000000 2249999999959.6616210938 7.6984156737
2317739416689106586353006542848.0000000000 2249999999953.2392578125 8.2886275377
2317739416680197903340114280448.0000000000 2249999999945.7944335938 8.9240889776
2317739416669870867919577022464.0000000000 2249999999937.1640625000 9.6082691275
2317739416657899455685096112128.0000000000 2249999999927.1596679688 10.3449030885
2317739416644022176383307350016.0000000000 2249999999915.5625000000 11.1380123195
2317739416627935318514339938304.0000000000 2249999999902.1186523438 11.9919265910
2317739416609287319832282267648.0000000000 2249999999886.5346679688 12.9113076229
2317739416587670323095880597504.0000000000 2249999999868.4697265625 13.9011745334
2317739416562611731819237736448.0000000000 2249999999847.5283203125 14.9669312398
2317739416533563514222698037248.0000000000 2249999999823.2529296875 16.1143959597
2317739416499890662758802259968.0000000000 2249999999795.1127929688 17.3498329742
2317739416460856557413498617856.0000000000 2249999999762.4926757812 18.6799868257
2317739416415607766057400401920.0000000000 2249999999724.6782226562 20.1121191385
2317739416363154904147369656320.0000000000 2249999999680.8437500000 21.6540482610
2317739416302350961153310457856.0000000000 2249999999630.0307617188 23.3141919488
2317739416231866530760218378240.0000000000 2249999999571.1274414062 25.1016133183
2317739416150159974520649154560.0000000000 2249999999502.8457031250 27.0260703251
2317739416055444770757420253184.0000000000 2249999999423.6933593750 29.0980690347
2317739415945650108066871377920.0000000000 2249999999331.9384765625 31.3289209774
2317739415818374723422683922432.0000000000 2249999999225.5756835938 33.7308049012
2317739415670835673730119630848.0000000000 2249999999102.2783203125 36.3168332577
2317739415499806974281097674752.0000000000 2249999998959.3510742188 39.1011237866
2317739415301548385585086857216.0000000000 2249999998793.6679687500 42.0988765878
2317739415071724911525766365184.0000000000 2249999998601.6064453125 45.3264571020
2317739414805311097868944146432.0000000000 2249999998378.9667968750 48.8014854536
2317739414496481257021639753728.0000000000 2249999998120.8798828125 52.5429326433
2317739414138482241342611128320.0000000000 2249999997821.7031250000 56.5712241153
2317739413723485668779581505536.0000000000 2249999997474.8940429688 60.9083512643
2317739413242417067558376046592.0000000000 2249999997072.8691406250 65.5779914919
2317739412684757154849364115456.0000000000 2249999996606.8369140625 70.6056374673
2317739412038311590236509962240.0000000000 2249999996066.6079101562 76.0187362974
2317739411288944700389404442624.0000000000 2249999995440.3681640625 81.8468393675
2317739410420270138063860006912.0000000000 2249999994714.4238281250 88.1217636688
2317739409413292845931534745600.0000000000 2249999993872.9008789062 94.8777654954
2317739408245993599514307461120.0000000000 2249999992897.3984375000 102.1517274569
2317739406892847403499125735424.0000000000 2249999991766.5854492188 109.9833598298
2317739405324265326859188699136.0000000000 2249999990455.7343750000 118.4154173448
2317739403505947673357465944064.0000000000 2249999988936.1811523438 127.4939325955
2317739401398133569258786914304.0000000000 2249999987174.6982421875 137.2684673406
2317739398954732050076735111168.0000000000 2249999985132.7675781250 147.7923830734
2317739396122313817207070523392.0000000000 2249999982765.7387695312 159.1231323351
2317739392838943116774380404736.0000000000 2249999980021.8525390625 171.3225723610
2317739389032823282044147597312.0000000000 2249999976841.1093750000 184.4573027746
2317739384620726947477635203072.0000000000 2249999973153.9565429688 198.5990291699
2317739379506175750057498771456.0000000000 2249999968879.7680664062 213.8249545692
2317739373577331237287293353984.0000000000 2249999963925.0810546875 230.2182008927
2317739366704548849643857903616.0000000000 2249999958181.5527343750 247.8682627402
2317739358737543186086862258176.0000000000 2249999951523.5913085938 266.8714959635
2317739349502101783705710231552.0000000000 2249999943805.6083984375 287.3316436950
2317739338796275635384737595392.0000000000 2249999934858.8374023438 309.3604027057
2317739326385963128893598597120.0000000000 2249999924487.6406250000 333.0780331841
2317739311999791424435782680576.0000000000 2249999912465.2343750000 358.6140152642
2317739295323181554764670304256.0000000000 2249999898528.7280273438 386.1077558875
2317739275991470302652631351296.0000000000 2249999882373.3750000000 415.7093498575
2317739253581936296275788955648.0000000000 2249999863645.9106445312 447.5803992417
2317739227604555808028888137728.0000000000 2249999841936.8261718750 481.8948955941
2317739197491288691011781394432.0000000000 2249999816771.4150390625 518.8401698143
2317739162583655762407280607232.0000000000 2249999787599.3916015625 558.6179148296
2317739122118341076947430277120.0000000000 2249999753782.8588867188 601.4452866810
2317739075210500460794565623808.0000000000 2249999714582.3598632812 647.5560900267
2317739020834412921642222092288.0000000000 2249999669140.7080078125 697.2020545324
2317738957801051033720970018816.0000000000 2249999616464.2431640625 750.6542091181
2317738884732081938624581468160.0000000000 2249999555401.1030273438 808.2043615629
2317738800029726723328876478464.0000000000 2249999484616.0371093750 870.1666915442
2317738701841823183132443017216.0000000000 2249999402561.2089843750 936.8794658091
2317738588021324668732717400064.0000000000 2249999307442.3491210938 1008.7068848404
2317738456079351748960507133952.0000000000 2249999197179.5209960938 1086.0410710970
2317738303130769305507962290176.0000000000 2249999069361.6411132812 1169.3042096844
2317738125831097857548555911168.0000000000 2249998921193.7553710938 1258.9508531388
2317737920303382140663004921856.0000000000 2249998749435.9238281250 1355.4704029062
2317737682053415347453647912960.0000000000 2249998550332.3745117188 1459.3897810640
2317737405871466643025546969088.0000000000 2249998319529.3779296875 1571.2763068656
2317737085718363738312057815040.0000000000 2249998051980.0478515625 1691.7407938123
2317736714593437778851118710784.0000000000 2249997741833.9814453125 1821.4408841555
2317736284381445711975950581760.0000000000 2249997382309.3369140625 1961.0846390305
2317735785675119735772381446144.0000000000 2249996965544.5380859375 2111.4344038162
2317735207569468200848466116608.0000000000 2249996482426.3715820312 2273.3109698165
2317734537423326335613867655168.0000000000 2249995922390.7197265625 2447.5980549781
2317733760582946693250086338560.0000000000 2249995273191.5664062500 2635.2471280945
2317732860061583800821744664576.0000000000 2249994520633.2260742188 2837.2826028244
2317731816168069350158413856768.0000000000 2249993648259.9511718750 3054.8074298637
2317730606076257940378832863232.0000000000 2249992636996.1181640625 3289.0091177861
2317729203325929159986455248896.0000000000 2249991464729.1372070312 3541.1662153976
2317727577244236601388972376064.0000000000 2249990105825.9619140625 3812.6552909692
2317725692275058544513086652416.0000000000 2249988530572.6313476562 4104.9584464148
2317723507201588840927630196736.0000000000 2249986704524.5981445312 4419.6714073959
2317720974245177042980866883584.0000000000 2249984587753.6342773438 4758.5122334675
2317718038020723255306509877248.0000000000 2249982133974.8652343750 5123.3306957503
2317714634325798117762383478784.0000000000 2249979289534.8452148438 5516.1183732477
2317710688737031805265718018048.0000000000 2249975992238.5727539062 5939.0195228219
2317706114983100279262871027712.0000000000 2249972169989.8076171875 6394.3427820501
2317700813058768352899103719424.0000000000 2249967739214.9926757812 6884.5737686917
2317694667038794581146901413888.0000000000 2249962603036.3510742188 7412.3886453576
2317687542543955879193036718080.0000000000 2249956649154.2651367188 7980.6687231918
2317679283803863177337291931648.0000000000 2249949747392.6938476562 8592.5161839884
2317669710252453742207687458816.0000000000 2249941746854.0551757812 9251.2710061988
2317658612581860622064787914752.0000000000 2249932472621.4760742188 9960.5291867604
2317645748168570094568131788800.0000000000 2249921721936.4702148438 10724.1623576396
2317630835772119422132945944576.0000000000 2249909259768.6816406250 11546.3389034454
2317613549390771141063934476288.0000000000 2249894813681.1240234375 12431.5466944885
2317593511140290444892879978496.0000000000 2249878067879.0317382812 13384.6175582481
2317570283000756312175552757760.0000000000 2249858656312.7387695312 14410.7536214209
2317543357251805077408206290944.0000000000 2249836154684.4877929688 15515.5556645811
2317512145388329932796712714240.0000000000 2249810071185.3730468750 16705.0536420316
2317475965275828044377907789824.0000000000 2249779835761.1674804688 17985.7395306944
2317434026266637383732677312512.0000000000 2249744787674.0844726562 19364.6026839186
2317385411954443130909495394304.0000000000 2249704161090.8593750000 20849.1678789034
2317329060193760690019812507648.0000000000 2249657068385.1943359375 22447.5362600726
2317263739952607918156542902272.0000000000 2249602480793.7280273438 24168.4293952123
2317188024499087942796150046720.0000000000 2249539206008.2788085938 26021.2366765208
2317100260344798348307492503552.0000000000 2249465862222.1074218750 28016.0663149024
2316998531278367916480337543168.0000000000 2249380848073.0385742188 30163.8001928758
2316880616719311066617895452672.0000000000 2249282307840.1162109375 32476.1528593036
2316743943503910567640771330048.0000000000 2249168091151.4599609375 34965.7349677479
2316585530078877673699229564928.0000000000 2249035706347.3637695312 37646.1214795016
2316401921922812240975542353920.0000000000 2248882266512.5385742188 40531.9249721131
2316189116837464282537725526016.0000000000 2248704427042.6293945312 43638.8744143084
2315942478547792190977775501312.0000000000 2248498313440.4897460938 46983.8997883591
2315656636818983111466460119040.0000000000 2248259437844.7949218750 50585.2229607827
2315325372037031600024060952576.0000000000 2247982602574.9721679688 54462.4552213256
2314941481904316633852787294208.0000000000 2247661788729.7866210938 58636.7019278494
2314496627570211780697176145920.0000000000 2247290027599.9487304688 63130.6747102201
2313981156146965168971029938176.0000000000 2246859252346.0878906250 67968.8116985711
2313383896151573867747621208064.0000000000 2246360127051.1972656250 73177.4062490669
2312691921965187977400983486464.0000000000 2245781849881.2851562500 78784.7446419006
2311890282914853483433017999360.0000000000 2245111926681.2021484375 84821.2532196413
2310961692063306492496377282560.0000000000 2244335910898.8164062500 91319.6554166155
2309886169250629089060290822144.0000000000 2243437105277.8447265625 98315.1390985523
2308640632382553916642875670528.0000000000 2242396220300.8291015625 105845.5345822280
2307198430428238836598518579200.0000000000 2241190983919.1962890625 113951.5036324156
2305528811111081337202378014720.0000000000 2239795696706.8232421875 122676.7396320224
2303596315900707664137660923904.0000000000 2238180726259.7895507812 132068.1789835489
2301360094726289143245070925824.0000000000 2236311934507.8974609375 142176.2236170145
2298773132491286276704844120064.0000000000 2234150031319.3686523438 153054.9742406007
2295781381730335959352684314624.0000000000 2231649849669.2978515625 164762.4755677808
2292322793601233314287687041024.0000000000 2228759535847.5712890625 177360.9654556841
2288326244107029250704358244352.0000000000 2225419652111.4560546875 190917.1358712557
2283710354284376906946538635264.0000000000 2221562190726.6450195312 205502.3982241892
2278382207615513316740879613952.0000000000 2217109502118.9389648438 221193.1508380935
2272235974331964443443670810624.0000000000 2211973145216.0991210938 238071.0449487505
2265151461036571366027482365952.0000000000 2206052675378.8325195312 256223.2442709018
2256992652464146389945483788288.0000000000 2199234425762.0971679688 275742.6731427118
2247606192149585929665454800896.0000000000 2191390237621.8630371094 296728.1254135171
2236819911645464884526685618176.0000000000 2182376231194.2839355469 319284.5491078343
2224441605883163835189652619264.0000000000 2172031782275.0024414062 343523.3270443516
2210258047699514438241988116480.0000000000 2160178698667.1254882812 369562.2570936704
2194034393469633110408331001856.0000000000 2146620723473.4433593750 397525.5828766165
2175514364683521993984998113280.0000000000 2131143686838.5092773438 427544.0222836399
2154421370626179600221116301312.0000000000 2113412174804.8352050781 459754.3922876878
2130486038260472209771281252352.0000000000 2089096452071.4575195312 494299.3783641211
2103393915207937343966024826880.0000000000 2061573769606.1074218750 531328.9584703406
2072845723656439862363204616192.0000000000 2030540093347.8012695312 571068.6471125543
2038545456376871997292610060288.0000000000 1995694711796.0642089844 613689.6204573247
2000210784442133816151264722944.0000000000 1956750809133.7568359375 659370.5940476465
1957586409454397709540898373632.0000000000 1913449029653.5507812500 708297.6689355574
1910457385393772531167082315776.0000000000 1865571011323.0131835938 760663.3705115700
1858668504877498921961123741696.0000000000 1812959080138.3881835938 816668.5907930790
1802139983433985098202493222912.0000000000 1755532183659.7084960938 876518.9634793254
1740884037140497284501029781504.0000000000 1693302732107.2778320312 940427.2491121456
1675059943691472161002162749440.0000000000 1626432534483.6347656250 1008612.1690823509
1604837667122978874630028132352.0000000000 1555094255964.7866210938 1081257.0347879762
1530676245744274763573878587392.0000000000 1479754230089.8437500000 1158684.7658701162
1453028825696240943920404496384.0000000000 1400872804588.7238769531 1241036.1958206675
1372520128435100803985590714368.0000000000 1319084629253.7514648438 1328614.7611417640
1290009843578692670920427831296.0000000000 1226779634281.6501464844 1421688.1324137445
1206647191663548492034988834816.0000000000 1127042175740.3168945312 1520563.5497076400
1123127521097529992276667793408.0000000000 1027116855598.8305664062 1626283.4734203692
1040704158198697332281243074560.0000000000 922169062708.3272705078 1740000.7774982303
960443481474192725667311779840.0000000000 815394557660.8502197266 1862570.5682152258
883351145332214156328702050304.0000000000 708726361101.2458496094 1995809.4685105970
810378322378888845487775940608.0000000000 604044631740.5228271484 2142148.7608519085
742285307403025941674789437440.0000000000 504233174404.4013671875 2304875.4390205210
679641169263806941769536372736.0000000000 414454892351.7425537109 2488725.9690766293
621872519252682926281543647232.0000000000 349806934877.2105712891 2699702.1031172727
566654160008487762038553051136.0000000000 321983667957.7643432617 2945401.5521514090
516054662437034776186895466496.0000000000 297307262106.1000366211 3223487.5441041561
469406192123909994122393419776.0000000000 274326729132.8303833008 3511616.0857303869
426119453558966265620220346368.0000000000 252635705895.4414672852 3809526.9168842258
385793342415273950724875091968.0000000000 232392796638.1622924805 4118195.5540183936
348174198562386577574676398080.0000000000 213271171230.5549621582 4438469.6581668798
313131753669848507892205879296.0000000000 195099460286.2807312012 4770755.5703633223
280509772996610920814789787648.0000000000 178182912224.5898437500 5115622.8172783758
250273112546924550054737870848.0000000000 161960879871.0343322754 5473793.9012623746
222318114396804204780830326784.0000000000 146936607737.4895019531 5845269.2252930347
196599026979241534361752829952.0000000000 132762226842.3474426270 6231095.1251903810
173081221087610665219884318720.0000000000 119544189954.3505249023 6631116.1169329220
151660727037020005123001155584.0000000000 107385534172.0329895020 7045941.9685878409
132301859416034254529077706752.0000000000 95984320891.1022033691 7475912.8181861276
114867264058509086351603793920.0000000000 85716388694.3661804199 7920809.2183286827
99296321953684773410124595200.0000000000 76067193070.2642211914 8381609.8757631453
85447355946511892578650030080.0000000000 67416230390.1803512573 8857324.8615102191
73198854275163389377128693760.0000000000 59521338568.8931427002 9349589.5691443235
62456134956931063703641522176.0000000000 52369371073.0550537109 9857619.0548557211
53054802183001223704503910400.0000000000 46122077731.3593826294 10381808.4688366149
44858045748205758643037011968.0000000000 40742076223.6182556152 10922619.7256561387
37790668960749369809178722304.0000000000 35782209670.9834213257 11477862.4713561963
31709506004753291463750582272.0000000000 31127307098.4651222229 12043752.0303562433
26563138141039509413428199424.0000000000 26660648197.8833503723 12621693.4704330135
22158801289177596610589229056.0000000000 23083858707.6398200989 13215270.5279965643
18402596033085879271202750464.0000000000 20090733517.0115547180 13833559.5986777041
15238372570914457191620542464.0000000000 17438460439.5579261780 14468677.5265024491
12577410918443796344090918912.0000000000 15092691071.9039211273 15115057.6712738313
10351506303328894791660339200.0000000000 13047537586.1241874695 15772598.8958117086
8516908093553977984930545664.0000000000 11013497814.3075065613 16441101.5529055521
6986251461382047093776973824.0000000000 9380568033.4378795624 17119402.0314820968
5707209630929472030595088384.0000000000 8077073932.6972408295 17823725.8474951014
4652890326638769145087262720.0000000000 6924860550.3540353775 18547018.3655703329
3785462930986106764639862784.0000000000 5904728590.0329513550 19278947.8178015053
3074007090900829356114837504.0000000000 5039348605.0837602615 20020809.4797432758
2489333376344440009924804608.0000000000 4328180178.6044034958 20774859.4740365036
2014308816888500580220141568.0000000000 3655039291.6755161285 21538897.3438736573
1628703825665007444549435392.0000000000 3078410425.6485028267 22305587.8201751933
1313935555154188695620288512.0000000000 2607709903.0488376617 23086553.5689517893
1058548106766424994364784640.0000000000 2202967017.4977355003 23883376.2517831065
851181098502823732655947776.0000000000 1870684388.2152755260 24689754.8847596981
682870419540435612609806336.0000000000 1599582698.4351663589 25506366.3577638790
549180835479001253726388224.0000000000 1325448069.8214600086 26327010.1692370512
440970225913366025550692352.0000000000 1103558866.7575428486 27143270.0940115601
353334316798665703959822336.0000000000 929197110.3042926788 27981778.6042916439
282503944386086545832017920.0000000000 785661775.4278351068 28837881.5796445869
225870383751939387098660864.0000000000 661715182.7256730795 29700236.3030562922
180253856847804923658633216.0000000000 561880155.2726244926 30562617.7037640922
143671332866908995710877696.0000000000 474657094.4976192117 31427277.4701681621
114567274948583337651863552.0000000000 400124191.9366527796 32284651.2729218900
91194120027520477960339456.0000000000 340267621.9984436035 33136736.1044779606
72711835112015789769621504.0000000000 282127778.2549502254 33984537.7312731743
57985836488543462955679744.0000000000 234272705.7956579924 34818093.9558583498
46163824293544897955233792.0000000000 196240200.9443610311 35658535.5305067524
36695210729679354008174592.0000000000 165778796.7973476350 36504302.3016100451
29118253850616283185283072.0000000000 141403026.8769826293 37346037.3612774312
23084625877750478247297024.0000000000 119371499.6910435855 38174462.6446128488
18343428377585517357694976.0000000000 99914194.8061363101 38979287.7561290413
14554579862892990276042752.0000000000 84365215.7326985151 39766970.5163643509
11529199038623760116613120.0000000000 71949416.3299715966 40545024.0620297566
9122470903448998917439488.0000000000 60966618.3914360180 41304832.0005526692
7238135855598560727793664.0000000000 51010841.4403713942 42037108.4373454452
5734883823468749311180800.0000000000 43068494.9080009386 42745248.5974854976
4536533744288309761277952.0000000000 36737080.4861225933 43439508.4701909944
3583994110702227673841664.0000000000 31309771.8946062103 44112300.1393333599
2840253100159068771713024.0000000000 26201592.3935028613 44755670.4766840935
2247715650956403541016576.0000000000 22131912.7486455217 45369561.8060238510
1775980987627318435381248.0000000000 18891933.6389582716 45966952.7757180929
1401047577288058215596032.0000000000 16241623.4140001051 46541482.1689038873
1109266614364012485279744.0000000000 13591490.9633743819 47086667.1398038268
877046050174167553146880.0000000000 11482322.3366935439 47598735.0701089725
692358553987519027871744.0000000000 9804877.9895225447 48093815.1992383301
545612241802259750453248.0000000000 8472038.5882315021 48566853.9075273648
431286905378292619018240.0000000000 7096298.7660978409 49012823.8491786867
341203415371060525137920.0000000000 5913873.4299493311 49427075.7815692648
269876254421207186669568.0000000000 4950209.5896253036 49824655.5189814195
213169560248516096294912.0000000000 4184075.2033575708 50208187.0815317929
168118358544894335647744.0000000000 3575412.0592371011 50576208.1159704924
132360726021258090643456.0000000000 3092309.4512018724 50925197.4730201587
104014077436432142565376.0000000000 2709332.7580067785 51251755.0932716057
81966427332372854734848.0000000000 2291344.1216953658 51552854.6528430730
64747502109661713137664.0000000000 1925988.9515805594 51826105.9736715853
51072850491524427808768.0000000000 1635837.0051852299 52083429.1774278581
40221717502179516874752.0000000000 1405595.1353830749 52327666.9836472869
31620254176682308534272.0000000000 1223087.2810381160 52556630.0979652181
24811247930941252829184.0000000000 1078612.1989380838 52768327.7103309333
19430049279406302560256.0000000000 964432.6712774391 52961134.6161375940
15185477295920700719104.0000000000 874370.3532736703 53133946.1785142198
11844729915130647674880.0000000000 803485.5964243130 53286290.9118647873
9221504095237273812992.0000000000 747825.3793503350 53418375.1654574275
7166663432961757544448.0000000000 704225.2910745414 53531048.3367322981
5560897677080118951936.0000000000 670153.7788682589 53625695.9269675538
4308916051052717932544.0000000000 643588.9408170120 53704084.2775439546
3334810913035817844736.0000000000 622920.1508776457 53768188.7701472715
2578317033872714366976.0000000000 606868.6873665609 53820034.8928137720
1991767559435628576768.0000000000 594423.1438589406 53861571.8731256425
1537605476169443180544.0000000000 584786.6268844341 53894586.7354454175
1186348850868008517632.0000000000 577333.5819103094 53920656.9416738525
914932866558000365568.0000000000 571574.6142722673 53941134.1220407188
705366697262825996288.0000000000 567127.9904300219 53957149.5638132244
543652885642217259008.0000000000 563696.7090701010 53969632.8277193084
418923978215469088768.0000000000 561050.1820307113 53979336.7471305802
322757228215169122304.0000000000 559009.6935071067 53986864.1659855023
248633769842237046784.0000000000 557436.9246848332 53992693.5790703893
191513899102051368960.0000000000 556224.9419494828 53997202.1820085049
147504891704165957632.0000000000 555291.1485694388 54000685.7352497876
113602056840707932160.0000000000 554571.7903145708 54003375.1890717372
87487417683013828608.0000000000 554017.6838120719 54005450.3094619364
67373525258445635584.0000000000 553590.9025528817 54007050.6761754826
51882489587226009600.0000000000 553262.2101461426 54008284.4594176710
39952409861963538432.0000000000 553009.0749329323 54009235.3643918410
30765071884174503936.0000000000 552814.1358536133 54009968.0909368396
23690123443115327488.0000000000 552664.0179480063 54010532.6048657522
18241998908274882560.0000000000 552548.4183713493 54010967.4672443941
14046697291374510080.0000000000 552459.4014834715 54011302.4220308363
10816169298848833536.0000000000 552390.8553873010 54011560.4029232413
8328576304812223488.0000000000 552338.0730591500 54011759.0871863738
6413078437334013952.0000000000 552297.4295787832 54011912.0971862525
4938114680651770880.0000000000 552266.1334538935 54012029.9285962209
3802374562117490176.0000000000 552242.0350552509 54012120.6669123471
2927843982161582592.0000000000 552223.4790615011 54012190.5402371138
2254449097756256512.0000000000 552209.1908118362 54012244.3455561250
1735931278822628352.0000000000 552198.1887798571 54012285.7773469985
1336670330052167680.0000000000 552189.7171679550 54012317.6808311492
1029238078354807552.0000000000 552183.1939987581 54012342.2471099496
792514461218979968.0000000000 552178.1711418554 54012361.1634980142
610236811578429824.0000000000 552174.3035321858 54012375.7293263525
469882745980500800.0000000000 552171.3254668972 54012386.9451384097
361809952198289536.0000000000 552169.0323531607 54012395.5813873559
278593804181154752.0000000000 552167.2666535295 54012402.2313427180
214517312811929344.0000000000 552165.9070635956 54012407.3518342376
165178380427314688.0000000000 552164.8601786245 54012411.2946280614
127187382314496832.0000000000 552164.0540767687 54012414.3305884078
97934301804840192.0000000000 552163.4333780857 54012416.6682832763
75409422719648816.0000000000 552162.9554399495 54012418.4683115259
58065261618747704.0000000000 552162.5874274953 54012419.8543351740
44710255077725216.0000000000 552162.3040578527 54012420.9215745032
34426898562841504.0000000000 552162.0858631965 54012421.7433494553
26508713169898264.0000000000 552161.9178532927 54012422.3761165664
20411709897664948.0000000000 552161.7884856557 54012422.8633474782
15717017069934540.0000000000 552161.6888725687 54012423.2385154143
12102103409903180.0000000000 552161.6121704876 54012423.5273948088
9318619783368648.0000000000 552161.5531098831 54012423.7498319894
7175337326719817.0000000000 552161.5076332162 54012423.9211086482
5525009797025806.0000000000 552161.4726161819 54012424.0529916957
4254257576587096.0000000000 552161.4456530651 54012424.1545416489
3275778353464972.0000000000 552161.4248914646 54012424.2327351198
2522349343725374.0000000000 552161.4089050323 54012424.2929440960
1942209001520888.5000000000 552161.3965954792 54012424.3393050134
1495500935233843.0000000000 552161.3871171235 54012424.3750029206
1151535722538868.7500000000 552161.3798187893 54012424.4024903104
886682507783112.2500000000 552161.3741990721 54012424.4236555994
682745531839766.3750000000 552161.3698718897 54012424.4399528727
525714060018670.0000000000 552161.3665399593 54012424.4525017738
404799826512041.3125000000 552161.3639743729 54012424.4621644244
311695866590757.6250000000 552161.3619988714 54012424.4696046710
240005817379521.8125000000 552161.3604777353 54012424.4753336608
184804479444271.9375000000 552161.3593064604 54012424.4797449782
142299449208872.9687500000 552161.3584045786 54012424.4831416979
109570575912641.1718750000 552161.3577101298 54012424.4857571721
84369343465664.2500000000 552161.3571754042 54012424.4877710864
64964394476227.9843750000 552161.3567636656 54012424.4893217981
50022583751241.0312500000 552161.3564466266 54012424.4905158505
38517389491150.6093750000 552161.3562025068 54012424.4914352670
29658389909783.8437500000 552161.3560145345 54012424.4921432212
22836960231480.9414062500 552161.3558697959 54012424.4926883429
17584459378802.0273437500 552161.3557583471 54012424.4931080863
13540033722010.5937500000 552161.3556725315 54012424.4934312925
10425825966145.6132812500 552161.3556064535 54012424.4936801568
8027885994049.1933593750 552161.3555555735 54012424.4938717857
6181472215487.2910156250 552161.3555163958 54012424.4940193370
4759733605966.3681640625 552161.3554862291 54012424.4941329509
3664994876618.5039062500 552161.3554630006 54012424.4942204356
2822046055010.7148437500 552161.3554451147 54012424.4942877963
2172975462366.8276367188 552161.3554313426 54012424.4943396673
1673191106027.5429687500 552161.3554207380 54012424.4943796098
1288357151644.2231445312 552161.3554125725 54012424.4944103658
992035006767.8395996094 552161.3554062851 54012424.4944340438
763866955212.2963867188 552161.3554014438 54012424.4944522753
588177555514.0965576172 552161.3553977159 54012424.4944663122
452896717746.2269287109 552161.3553948456 54012424.4944771230
348730472664.8156738281 552161.3553926353 54012424.4944854453
268522463952.0390014648 552161.3553909335 54012424.4944918528
206762297243.1477050781 552161.3553896230 54012424.4944967851
159206968877.2697753906 552161.3553886139 54012424.4945005849
122589366035.5250244141 552161.3553878370 54012424.4945035130
94393811847.3704528809 552161.3553872388 54012424.4945057631
72683235122.4848480225 552161.3553867780 54012424.4945074990
55966091044.3190231323 552161.3553864234 54012424.4945088327
43093890104.1290206909 552161.3553861502 54012424.4945098609
33182295380.1813430786 552161.3553859398 54012424.4945106506
25550367442.7408180237 552161.3553857780 54012424.4945112616
19673782930.9111328125 552161.3553856533 54012424.4945117310
15148812856.8019905090 552161.3553855573 54012424.4945120960
11664585899.7377796173 552161.3553854834 54012424.4945123717
8981731142.7982368469 552161.3553854264 54012424.4945125878
6915932979.9547290802 552161.3553853827 54012424.4945127517
5325268394.5651931763 552161.3553853489 54012424.4945128784
4100456663.8152294159 552161.3553853228 54012424.4945129752
3157351631.1377449036 552161.3553853028 54012424.4945130497
2431160755.9760742188 552161.3553852874 54012424.4945131093
1871993782.1015834808 552161.3553852756 54012424.4945131540
1441435212.2182230949 552161.3553852665 54012424.4945131913
1109905113.4080338478 552161.3553852595 54012424.4945132211
854626937.3241873980 552161.3553852540 54012424.4945132434
658062741.7396250963 552161.3553852498 54012424.4945132583
506708311.1395117044 552161.3553852467 54012424.4945132732
390165399.5774242878 552161.3553852441 54012424.4945132807
300427357.6746168733 552161.3553852423 54012424.4945132881
231329065.4094550908 552161.3553852407 54012424.4945132956
178123380.3652804792 552161.3553852396 54012424.4945133030
137155002.8812659979 552161.3553852388 54012424.4945133030
105609352.2185748369 552161.3553852381 54012424.4945133030
81319201.2083026320 552161.3553852376 54012424.4945133030
62615784.9303930327 552161.3553852371 54012424.4945133030
48214154.3964026421 552161.3553852369 54012424.4945133030
37124898.8852300346 552161.3553852367 54012424.4945133030
28586172.1416271329 552161.3553852364 54012424.4945133030
22011352.5490528941 552161.3553852363 54012424.4945133030
16948741.4627707303 552161.3553852362 54012424.4945133030
13050530.9263334610 552161.3553852362 54012424.4945133030
10048908.8132767659 552161.3553852360 54012424.4945133030
7737659.7862231098 552161.3553852360 54012424.4945133030
5957998.0353917945 552161.3553852360 54012424.4945133030
4587658.4872516822 552161.3553852360 54012424.4945133030
3532497.0351837948 552161.3553852360 54012424.4945133030
2720022.7170915222 552161.3553852360 54012424.4945133030
2094417.4921604721 552161.3553852359 54012424.4945133030
1612701.4689635634 552161.3553852359 54012424.4945133030
1241780.1311019440 552161.3553852359 54012424.4945133030
956170.7009484968 552161.3553852359 54012424.4945133030
736251.4397303425 552161.3553852359 54012424.4945133030
566913.6085923637 552161.3553852359 54012424.4945133030
436523.4786161200 552161.3553852359 54012424.4945133030
336123.0785344124 552161.3553852359 54012424.4945133030
258814.7704714975 552161.3553852359 54012424.4945133030
199287.3732630531 552161.3553852359 54012424.4945133030
153451.2774125509 552161.3553852359 54012424.4945133030
118157.4836076642 552161.3553852359 54012424.4945133030
90981.2623779014 552161.3553852359 54012424.4945133030
70055.5720309841 552161.3553852359 54012424.4945133030
53942.7904638577 552161.3553852359 54012424.4945133030
41535.9486571705 552161.3553852359 54012424.4945133030
31982.6804660213 552161.3553852359 54012424.4945133030
24626.6639588364 552161.3553852359 54012424.4945133030
18962.5312483040 552161.3553852359 54012424.4945133030
14601.1490611941 552161.3553852359 54012424.4945133030
11242.8847771194 552161.3553852359 54012424.4945133030
8657.0212783820 552161.3553852359 54012424.4945133030
6665.9063843541 552161.3553852359 54012424.4945133030
5132.7479159527 552161.3553852359 54012424.4945133030
3952.2158952836 552161.3553852359 54012424.4945133030
3043.2062393683 552161.3553852359 54012424.4945133030
2343.2688043136 552161.3553852359 54012424.4945133030
1804.3169793215 552161.3553852359 54012424.4945133030
1389.3240740775 552161.3553852359 54012424.4945133030
1069.7795370397 552161.3553852359 54012424.4945133030
823.7302435206 552161.3553852359 54012424.4945133030
634.2722875108 552161.3553852359 54012424.4945133030
488.3896613834 552161.3553852359 54012424.4945133030
376.0600392652 552161.3553852359 54012424.4945133030
289.5662302342 552161.3553852359 54012424.4945133030
222.9659972803 552161.3553852359 54012424.4945133030
171.6838179059 552161.3553852359 54012424.4945133030
132.1965397875 552161.3553852359 54012424.4945133030
101.7913356364 552161.3553852359 54012424.4945133030
78.3793284400 552161.3553852359 54012424.4945133030
60.3520828988 552161.3553852359 54012424.4945133030
46.4711038321 552161.3553852359 54012424.4945133030
35.7827499507 552161.3553852359 54012424.4945133030
27.5527174620 552161.3553852359 54012424.4945133030
21.2155924458 552161.3553852359 54012424.4945133030
16.3360061832 552161.3553852359 54012424.4945133030
12.5787247611 552161.3553852359 54012424.4945133030
9.6856180660 552161.3553852359 54012424.4945133030
7.4579259109 552161.3553852359 54012424.4945133030
5.7426029514 552161.3553852359 54012424.4945133030
4.4218042725 552161.3553852359 54012424.4945133030
3.4047892899 552161.3553852359 54012424.4945133030
2.6216877532 552161.3553852359 54012424.4945133030
2.0186995700 552161.3553852359 54012424.4945133030
1.5543986689 552161.3553852359 54012424.4945133030
1.1968869750 552161.3553852359 54012424.4945133030
0.9216029708 552161.3553852359 54012424.4945133030
0.7096342875 552161.3553852359 54012424.4945133030
0.5464184014 552161.3553852359 54012424.4945133030
0.4207421691 552161.3553852359 54012424.4945133030
0.3239714702 552161.3553852359 54012424.4945133030
0.2494580320 552161.3553852359 54012424.4945133030
0.1920826847 552161.3553852359 54012424.4945133030
0.1479036672 552161.3553852359 54012424.4945133030
0.1138858237 552161.3553852359 54012424.4945133030
0.0876920843 552161.3553852359 54012424.4945133030
0.0675229049 552161.3553852359 54012424.4945133030
0.0519926368 552161.3553852359 54012424.4945133030
0.0400343303 552161.3553852359 54012424.4945133030
0.0308264343 552161.3553852359 54012424.4945133030
0.0237363544 552161.3553852359 54012424.4945133030
0.0182769929 552161.3553852359 54012424.4945133030
0.0140732845 552161.3553852359 54012424.4945133030
0.0108364291 552161.3553852359 54012424.4945133030
0.0083440504 552161.3553852359 54012424.4945133030
0.0064249188 552161.3553852359 54012424.4945133030
0.0049471875 552161.3553852359 54012424.4945133030
0.0038093344 552161.3553852359 54012424.4945133030
0.0029331875 552161.3553852359 54012424.4945133030
0.0022585543 552161.3553852359 54012424.4945133030
0.0017390868 552161.3553852359 54012424.4945133030
0.0013390969 552161.3553852359 54012424.4945133030
0.0010311046 552161.3553852359 54012424.4945133030
0.0007939505 552161.3553852359 54012424.4945133030
0.0006113419 552161.3553852359 54012424.4945133030
0.0004707333 552161.3553852359 54012424.4945133030
0.0003624646 552161.3553852359 54012424.4945133030
0.0002790978 552161.3553852359 54012424.4945133030
0.0002149053 552161.3553852359 54012424.4945133030
0.0001654771 552161.3553852359 54012424.4945133030
0.0001274173 552161.3553852359 54012424.4945133030
0.0000981113 552161.3553852359 54012424.4945133030
0.0000755457 552161.3553852359 54012424.4945133030
0.0000581702 552161.3553852359 54012424.4945133030
0.0000447911 552161.3553852359 54012424.4945133030
0.0000344891 552161.3553852359 54012424.4945133030
0.0000265566 552161.3553852359 54012424.4945133030
0.0000204486 552161.3553852359 54012424.4945133030
0.0000157454 552161.3553852359 54012424.4945133030
0.0000121240 552161.3553852359 54012424.4945133030
0.0000093355 552161.3553852359 54012424.4945133030
0.0000071883 552161.3553852359 54012424.4945133030
0.0000055350 552161.3553852359 54012424.4945133030
0.0000042619 552161.3553852359 54012424.4945133030
0.0000032817 552161.3553852359 54012424.4945133030
0.0000025269 552161.3553852359 54012424.4945133030
0.0000019457 552161.3553852359 54012424.4945133030
0.0000014982 552161.3553852359 54012424.4945133030
0.0000011536 552161.3553852359 54012424.4945133030
0.0000008883 552161.3553852359 54012424.4945133030
0.0000006840 552161.3553852359 54012424.4945133030
0.0000005267 552161.3553852359 54012424.4945133030
0.0000004055 552161.3553852359 54012424.4945133030
0.0000003123 552161.3553852359 54012424.4945133030
0.0000002404 552161.3553852359 54012424.4945133030
0.0000001851 552161.3553852359 54012424.4945133030
0.0000001426 552161.3553852359 54012424.4945133030
0.0000001098 552161.3553852359 54012424.4945133030
0.0000000845 552161.3553852359 54012424.4945133030
0.0000000651 552161.3553852359 54012424.4945133030
0.0000000501 552161.3553852359 54012424.4945133030
0.0000000386 552161.3553852359 54012424.4945133030
0.0000000297 552161.3553852359 54012424.4945133030
0.0000000229 552161.3553852359 54012424.4945133030
0.0000000176 552161.3553852359 54012424.4945133030
0.0000000136 552161.3553852359 54012424.4945133030
0.0000000104 552161.3553852359 54012424.4945133030
0.0000000080 552161.3553852359 54012424.4945133030
