1101318144159072112561178542080.0000000000 1000000000000.0000000000 0.0000000000
1101318144159072112561178542080.0000000000 1000000000000.0000000000 0.0000000000
1101318144159072112561178542080.0000000000 1000000000000.0000000000 0.0000000000
1101318144159072112561178542080.0000000000 1000000000000.0000000000 0.0000000000
1101318144159072112561178542080.0000000000 1000000000000.0000000000 0.0000000000
1101318144159072112561178542080.0000000000 1000000000000.0000000000 0.0000000000
1101318144159072112561178542080.0000000000 1000000000000.0000000000 0.0000000000
1101318144159072112561178542080.0000000000 1000000000000.0000000000 0.0000000000
1101318144159072112561178542080.0000000000 1000000000000.0000000000 0.0000000000
1101318144159072112561178542080.0000000000 1000000000000.0000000000 0.0000000000
1101318144159072112561178542080.0000000000 1000000000000.0000000000 0.0000000000
1101318144159072112561178542080.0000000000 1000000000000.0000000000 0.0000000000
1101318144159072112561178542080.0000000000 1000000000000.0000000000 0.0000000000
1101318144159072112561178542080.0000000000 1000000000000.0000000000 0.0000000000
1101318144159072112561178542080.0000000000 1000000000000.0000000000 0.0000000000
1101318144159072112561178542080.0000000000 1000000000000.0000000000 0.0000000000
1101318144159072112561178542080.0000000000 1000000000000.0000000000 0.0000000000
1101318144159072112561178542080.0000000000 1000000000000.0000000000 0.0000000000
1101318144159072112561178542080.0000000000 1000000000000.0000000000 0.0000000000
1101318144159072112561178542080.0000000000 1000000000000.0000000000 0.0000000000
1101318144159072112561178542080.0000000000 1000000000000.0000000000 0.0000000000
1101318144159072112561178542080.0000000000 1000000000000.0000000000 0.0000000000
1101318144159072112561178542080.0000000000 1000000000000.0000000000 0.0000000000
1101318144159072112561178542080.0000000000 1000000000000.0000000000 0.0000000000
1101318144159072112561178542080.0000000000 1000000000000.0000000000 0.0000000000
1101318144159072112561178542080.0000000000 1000000000000.0000000000 0.0000000000
1101318144159072112561178542080.0000000000 1000000000000.0000000000 0.0000000000
1101318144159072112561178542080.0000000000 1000000000000.0000000000 0.0000000000
1101318144159072112561178542080.0000000000 1000000000000.0000000000 0.0000000000
1101318144159072112561178542080.0000000000 1000000000000.0000000000 0.0000000000
1101318144159072112561178542080.0000000000 1000000000000.0000000000 0.0000000000
1101318144159072112561178542080.0000000000 1000000000000.0000000000 0.0000000000
1101318144159072112561178542080.0000000000 1000000000000.0000000000 0.0000000000
1101318144159072112561178542080.0000000000 1000000000000.0000000000 0.0000000000
1101318144159072112561178542080.0000000000 1000000000000.0000000000 0.0000000000
1101318144159072112561178542080.0000000000 1000000000000.0000000000 0.0000000000
1101318144159072112561178542080.0000000000 1000000000000.0000000000 0.0000000000
1101318144159072112561178542080.0000000000 1000000000000.0000000000 0.0000000000
1101318144159072112561178542080.0000000000 1000000000000.0000000000 0.0000000000
1101318144159072112561178542080.0000000000 1000000000000.0000000000 0.0000000000
1101318144159072112561178542080.0000000000 1000000000000.0000000000 0.0000000000
1101318144159072112561178542080.0000000000 1000000000000.0000000000 0.0000000000
1101318144159072112561178542080.0000000000 1000000000000.0000000000 0.0000000000
1101318144159072112561178542080.0000000000 1000000000000.0000000000 0.0000000000
1101318144159072112561178542080.0000000000 1000000000000.0000000000 0.0000000000
1101318144159072112561178542080.0000000000 1000000000000.0000000000 0.0000000000
1101318144159072112561178542080.0000000000 1000000000000.0000000000 0.0000000000
1101318144159072112561178542080.0000000000 1000000000000.0000000000 0.0000000000
1101318144159072112561178542080.0000000000 1000000000000.0000000000 0.0000000000
1101318144159072112561178542080.0000000000 1000000000000.0000000000 0.0000000000
1101318144159072112561178542080.0000000000 1000000000000.0000000000 0.0000000000
1101318144159072112561178542080.0000000000 1000000000000.0000000000 0.0000000000
1101318144159072112561178542080.0000000000 1000000000000.0000000000 0.0000000000
1101318144159072112561178542080.0000000000 1000000000000.0000000000 0.0000000000
1101318144159072112561178542080.0000000000 1000000000000.0000000000 0.0000000000
1101318144159072112561178542080.0000000000 1000000000000.0000000000 0.0000000000
1101318144159072112561178542080.0000000000 1000000000000.0000000000 0.0000000000
1101318144159072112561178542080.0000000000 1000000000000.0000000000 0.0000000000
1101318144159072112561178542080.0000000000 1000000000000.0000000000 0.0000000000
1101318144159072112561178542080.0000000000 1000000000000.0000000000 0.0000000000
1101318144159072112561178542080.0000000000 1000000000000.0000000000 0.0000000000
1101318144159072112561178542080.0000000000 1000000000000.0000000000 0.0000000000
1101318144159072112561178542080.0000000000 1000000000000.0000000000 0.0000000000
1101318144159072112561178542080.0000000000 1000000000000.0000000000 0.0000000000
1101318144159072112561178542080.0000000000 1000000000000.0000000000 0.0000000000
1101318144159072112561178542080.0000000000 1000000000000.0000000000 0.0000000000
1101318144159072112561178542080.0000000000 1000000000000.0000000000 0.0000000000
1101318144159072112561178542080.0000000000 1000000000000.0000000000 0.0000000000
1101318144159072112561178542080.0000000000 1000000000000.0000000000 0.0000000000
1101318144159072112561178542080.0000000000 1000000000000.0000000000 0.0000000000
1101318144159072112561178542080.0000000000 1000000000000.0000000000 0.0000000000
1101318144159072112561178542080.0000000000 1000000000000.0000000000 0.0000000000
1101318144159072112561178542080.0000000000 1000000000000.0000000000 0.0000000000
1101318144159072112561178542080.0000000000 1000000000000.0000000000 0.0000000000
1101318144159072112561178542080.0000000000 1000000000000.0000000000 0.0000000000
1101318144159072112561178542080.0000000000 1000000000000.0000000000 0.0000000000
1101318144159072112561178542080.0000000000 1000000000000.0000000000 0.0000000000
1101318144159072112561178542080.0000000000 1000000000000.0000000000 0.0000000000
1101318144159072112561178542080.0000000000 1000000000000.0000000000 0.0000000000
1101318144159072112561178542080.0000000000 1000000000000.0000000000 0.0000000000
1101318144159072112561178542080.0000000000 1000000000000.0000000000 0.0000000000
1101318144159072112561178542080.0000000000 1000000000000.0000000000 0.0000000000
1101318144159072112561178542080.0000000000 1000000000000.0000000000 0.0000000000
1101318144159072112561178542080.0000000000 1000000000000.0000000000 0.0000000000
1101318144159072112561178542080.0000000000 1000000000000.0000000000 0.0000000000
1101318144159072112561178542080.0000000000 1000000000000.0000000000 0.0000000000
1101318144159072112561178542080.0000000000 1000000000000.0000000000 0.0000000000
1101318144159072112561178542080.0000000000 1000000000000.0000000000 0.0000000000
1101318144159072112561178542080.0000000000 1000000000000.0000000000 0.0000000000
1101318144159072112561178542080.0000000000 1000000000000.0000000000 0.0000000000
1101318144159072112561178542080.0000000000 1000000000000.0000000000 0.0000000000
1101318144159072112561178542080.0000000000 1000000000000.0000000000 0.0000000000
1101318144159072112561178542080.0000000000 1000000000000.0000000000 0.0000000000
1101318144159072112561178542080.0000000000 1000000000000.0000000000 0.0000000000
1101318144159072112561178542080.0000000000 1000000000000.0000000000 0.0000000000
1101318144159072112561178542080.0000000000 1000000000000.0000000000 0.0000000000
1101318144159072112561178542080.0000000000 1000000000000.0000000000 0.0000000000
1101318144159072112561178542080.0000000000 1000000000000.0000000000 0.0000000000
1101318144159072112561178542080.0000000000 1000000000000.0000000000 0.0000000000
1101318144159072112561178542080.0000000000 1000000000000.0000000000 0.0000000000
1101318144159072112561178542080.0000000000 1000000000000.0000000000 0.0000000000
1101318144159072112561178542080.0000000000 1000000000000.0000000000 0.0000000000
1101318144159072112561178542080.0000000000 1000000000000.0000000000 0.0000000000
1101318144159072112561178542080.0000000000 1000000000000.0000000000 0.0000000000
1101318144159072112561178542080.0000000000 1000000000000.0000000000 0.0000000000
1101318144159072112561178542080.0000000000 1000000000000.0000000000 0.0000000000
1101318144159072112561178542080.0000000000 1000000000000.0000000000 0.0000000000
1101318144159072112561178542080.0000000000 1000000000000.0000000000 0.0000000000
1101318144159072112561178542080.0000000000 1000000000000.0000000000 0.0000000000
1101318144159072112561178542080.0000000000 1000000000000.0000000000 0.0000000000
1101318144159072112561178542080.0000000000 1000000000000.0000000000 0.0000000000
1101318144159072112561178542080.0000000000 1000000000000.0000000000 0.0000000000
1101318144159072112561178542080.0000000000 1000000000000.0000000000 0.0000000000
1101318144159072112561178542080.0000000000 1000000000000.0000000000 0.0000000000
1101318144159072112561178542080.0000000000 1000000000000.0000000000 0.0000000000
1101318144159072112561178542080.0000000000 1000000000000.0000000000 0.0000000000
1101318144159072112561178542080.0000000000 1000000000000.0000000000 0.0000000000
1101318144159072112561178542080.0000000000 1000000000000.0000000000 0.0000000000
1101318144159072112561178542080.0000000000 1000000000000.0000000000 0.0000000000
1101318144159072112561178542080.0000000000 1000000000000.0000000000 0.0000000000
1101318144159072112561178542080.0000000000 1000000000000.0000000000 0.0000000000
1101318144159072112561178542080.0000000000 1000000000000.0000000000 0.0000000000
1101318144159072112561178542080.0000000000 1000000000000.0000000000 0.0000000000
1101318144159072112561178542080.0000000000 1000000000000.0000000000 0.0000000000
1101318144159072112561178542080.0000000000 1000000000000.0000000000 0.0000000000
1101318144159072112561178542080.0000000000 1000000000000.0000000000 0.0000000000
1101318144159072112561178542080.0000000000 1000000000000.0000000000 0.0000000000
1101318144159072112561178542080.0000000000 1000000000000.0000000000 0.0000000000
1101318144159072112561178542080.0000000000 1000000000000.0000000000 0.0000000000
1101318144159072112561178542080.0000000000 1000000000000.0000000000 0.0000000000
1101318144159072112561178542080.0000000000 1000000000000.0000000000 0.0000000000
1101318144159072112561178542080.0000000000 1000000000000.0000000000 0.0000000000
1101318144159072112561178542080.0000000000 1000000000000.0000000000 0.0000000000
1101318144159072112561178542080.0000000000 1000000000000.0000000000 0.0000000000
1101318144159072112561178542080.0000000000 1000000000000.0000000000 0.0000000000
1101318144159072112561178542080.0000000000 1000000000000.0000000000 0.0000000000
1101318144159072112561178542080.0000000000 1000000000000.0000000000 0.0000000000
1101318144159072112561178542080.0000000000 1000000000000.0000000000 0.0000000000
1101318144159072112561178542080.0000000000 1000000000000.0000000000 0.0000000000
1101318144159072112561178542080.0000000000 1000000000000.0000000000 0.0000000000
1101318144159072112561178542080.0000000000 1000000000000.0000000000 0.0000000000
1101318144159072112561178542080.0000000000 1000000000000.0000000000 0.0000000000
1101318144159072112561178542080.0000000000 1000000000000.0000000000 0.0000000000
1101318144159072112561178542080.0000000000 1000000000000.0000000000 0.0000000000
1101318144159072112561178542080.0000000000 1000000000000.0000000000 0.0000000000
1101318144159072112561178542080.0000000000 1000000000000.0000000000 0.0000000000
1101318144159072112561178542080.0000000000 1000000000000.0000000000 0.0000000000
1101318144159072112561178542080.0000000000 1000000000000.0000000000 0.0000000000
1101318144159072112561178542080.0000000000 1000000000000.0000000000 0.0000000000
1101318144159072112561178542080.0000000000 1000000000000.0000000000 0.0000000000
1101318144159072112561178542080.0000000000 1000000000000.0000000000 0.0000000000
1101318144159072112561178542080.0000000000 1000000000000.0000000000 0.0000000000
1101318144159072112561178542080.0000000000 1000000000000.0000000000 0.0000000000
1101318144159072112561178542080.0000000000 1000000000000.0000000000 0.0000000000
1101318144159072112561178542080.0000000000 1000000000000.0000000000 0.0000000000
1101318144159072112561178542080.0000000000 1000000000000.0000000000 0.0000000000
1101318144159072112561178542080.0000000000 1000000000000.0000000000 0.0000000000
1101318144159072112561178542080.0000000000 1000000000000.0000000000 0.0000000000
1101318144159072112561178542080.0000000000 1000000000000.0000000000 0.0000000000
1101318144159072112561178542080.0000000000 1000000000000.0000000000 0.0000000000
1101318144159072112561178542080.0000000000 1000000000000.0000000000 0.0000000000
1101318144159072112561178542080.0000000000 1000000000000.0000000000 0.0000000000
1101318144159072112561178542080.0000000000 1000000000000.0000000000 0.0000000000
1101318144159072112561178542080.0000000000 1000000000000.0000000000 0.0000000000
1101318144159072112561178542080.0000000000 1000000000000.0000000000 0.0000000000
1101318144159072112561178542080.0000000000 1000000000000.0000000000 0.0000000000
1101318144159072112561178542080.0000000000 1000000000000.0000000000 0.0000000000
1101318144159072112561178542080.0000000000 1000000000000.0000000000 0.0000000000
1101318144159072112561178542080.0000000000 1000000000000.0000000000 0.0000000000
1101318144159072112561178542080.0000000000 1000000000000.0000000000 0.0000000000
1101318144159072112561178542080.0000000000 1000000000000.0000000000 0.0000000000
1101318144159072112561178542080.0000000000 1000000000000.0000000000 0.0000000000
1101318144159072112561178542080.0000000000 1000000000000.0000000000 0.0000000000
1101318144159072112561178542080.0000000000 1000000000000.0000000000 0.0000000000
1101318144159072112561178542080.0000000000 1000000000000.0000000000 0.0000000000
1101318144159072112561178542080.0000000000 1000000000000.0000000000 0.0000000000
1101318144159072112561178542080.0000000000 1000000000000.0000000000 0.0000000000
1101318144159072112561178542080.0000000000 1000000000000.0000000000 0.0000000000
1101318144159072112561178542080.0000000000 1000000000000.0000000000 0.0000000000
1101318144159072112561178542080.0000000000 1000000000000.0000000000 0.0000000000
1101318144159072112561178542080.0000000000 1000000000000.0000000000 0.0000000000
1101318144159072112561178542080.0000000000 1000000000000.0000000000 0.0000000000
1101318144159072112561178542080.0000000000 1000000000000.0000000000 0.0000000000
1101318144159072112561178542080.0000000000 1000000000000.0000000000 0.0000000000
1101318144159072112561178542080.0000000000 1000000000000.0000000000 0.0000000000
1101318144159072112561178542080.0000000000 1000000000000.0000000000 0.0000000000
1101318144159072112561178542080.0000000000 1000000000000.0000000000 0.0000000000
1101318144159072112561178542080.0000000000 1000000000000.0000000000 0.0000000000
1101318144159072112561178542080.0000000000 1000000000000.0000000000 0.0000000000
1101318144159072112561178542080.0000000000 1000000000000.0000000000 0.0000000000
1101318144159072112561178542080.0000000000 1000000000000.0000000000 0.0000000000
1101318144159072112561178542080.0000000000 1000000000000.0000000000 0.0000000000
1101318144159072112561178542080.0000000000 1000000000000.0000000000 0.0000000000
1101318144159072112561178542080.0000000000 1000000000000.0000000000 0.0000000000
1101318144159072112561178542080.0000000000 1000000000000.0000000000 0.0000000000
1101318144159072112561178542080.0000000000 1000000000000.0000000000 0.0000000000
1101318144159072112561178542080.0000000000 1000000000000.0000000000 0.0000000000
1101318144159072112561178542080.0000000000 1000000000000.0000000000 0.0000000000
1101318144159072112561178542080.0000000000 1000000000000.0000000000 0.0000000000
1101318144159072112561178542080.0000000000 1000000000000.0000000000 0.0000000000
1101318144159072112561178542080.0000000000 1000000000000.0000000000 0.0000000000
1101318144159072112561178542080.0000000000 1000000000000.0000000000 0.0000000000
1101318144159072112561178542080.0000000000 1000000000000.0000000000 0.0000000000
1101318144159072112561178542080.0000000000 1000000000000.0000000000 0.0000000000
1101318144159072112561178542080.0000000000 1000000000000.0000000000 0.0000000000
1101318144159072112561178542080.0000000000 1000000000000.0000000000 0.0000000000
1101318144159072112561178542080.0000000000 1000000000000.0000000000 0.0000000000
1101318144159072112561178542080.0000000000 1000000000000.0000000000 0.0000000000
1101318144159072112561178542080.0000000000 1000000000000.0000000000 0.0000000000
1101318144159072112561178542080.0000000000 1000000000000.0000000000 0.0000000000
1101318144159072112561178542080.0000000000 1000000000000.0000000000 0.0000000000
1101318144159072112561178542080.0000000000 1000000000000.0000000000 0.0000000000
1101318144159072112561178542080.0000000000 1000000000000.0000000000 0.0000000000
1101318144159072112561178542080.0000000000 1000000000000.0000000000 0.0000000000
1101318144159072112561178542080.0000000000 1000000000000.0000000000 0.0000000000
1101318144159072112561178542080.0000000000 1000000000000.0000000000 0.0000000000
1101318144159072112561178542080.0000000000 1000000000000.0000000000 0.0000000000
1101318144159072112561178542080.0000000000 1000000000000.0000000000 0.0000000000
1101318144159072112561178542080.0000000000 1000000000000.0000000000 0.0000000000
1101318144159072112561178542080.0000000000 1000000000000.0000000000 0.0000000000
1101318144159072112561178542080.0000000000 1000000000000.0000000000 0.0000000000
1101318144159072112561178542080.0000000000 1000000000000.0000000000 0.0000000000
1101318144159072112561178542080.0000000000 1000000000000.0000000000 0.0000000000
1101318144159072112561178542080.0000000000 1000000000000.0000000000 0.0000000000
1101318144159072112561178542080.0000000000 1000000000000.0000000000 0.0000000000
1101318144159072112561178542080.0000000000 1000000000000.0000000000 0.0000000000
1101318144159072112561178542080.0000000000 1000000000000.0000000000 0.0000000000
1101318144159072112561178542080.0000000000 1000000000000.0000000000 0.0000000000
1101318144159072112561178542080.0000000000 1000000000000.0000000000 0.0000000000
1101318144159072112561178542080.0000000000 1000000000000.0000000000 0.0000000000
1101318144159072112561178542080.0000000000 1000000000000.0000000000 0.0000000000
1101318144159072112561178542080.0000000000 1000000000000.0000000000 0.0000000000
1101318144159072112561178542080.0000000000 1000000000000.0000000000 0.0000000000
1101318144159072112561178542080.0000000000 1000000000000.0000000000 0.0000000000
1101318144159072112561178542080.0000000000 1000000000000.0000000000 0.0000000000
1101318144159072112561178542080.0000000000 1000000000000.0000000000 0.0000000000
1101318144159072112561178542080.0000000000 1000000000000.0000000000 0.0000000000
1101318144159072112561178542080.0000000000 1000000000000.0000000000 0.0000000000
1101318144159072112561178542080.0000000000 1000000000000.0000000000 0.0000000000
1101318144159072112561178542080.0000000000 1000000000000.0000000000 0.0000000000
1101318144159072112561178542080.0000000000 1000000000000.0000000000 0.0000000000
1101318144159072112561178542080.0000000000 1000000000000.0000000000 0.0000000000
1101318144159072112561178542080.0000000000 1000000000000.0000000000 0.0000000000
1101318144159072112561178542080.0000000000 1000000000000.0000000000 0.0000000000
1101318144159072112561178542080.0000000000 1000000000000.0000000000 0.0000000000
1101318144159072112561178542080.0000000000 1000000000000.0000000000 0.0000000000
1101318144159072112561178542080.0000000000 1000000000000.0000000000 0.0000000000
1101318144159072112561178542080.0000000000 1000000000000.0000000000 0.0000000000
1101318144159072112561178542080.0000000000 1000000000000.0000000000 0.0000000000
1101318144159072112561178542080.0000000000 1000000000000.0000000000 0.0000000000
1101318144159072112561178542080.0000000000 1000000000000.0000000000 0.0000000000
1101318144159072112561178542080.0000000000 1000000000000.0000000000 0.0000000000
1101318144159072112561178542080.0000000000 1000000000000.0000000000 0.0000000000
1101318144159072112561178542080.0000000000 1000000000000.0000000000 0.0000000000
1101318144159072112561178542080.0000000000 1000000000000.0000000000 0.0000000000
1101318144159072112561178542080.0000000000 1000000000000.0000000000 0.0000000000
1101318144159072112561178542080.0000000000 1000000000000.0000000000 0.0000000000
1101318144159072112561178542080.0000000000 1000000000000.0000000000 0.0000000000
1101318144159072112561178542080.0000000000 1000000000000.0000000000 0.0000000000
1101318144159072112561178542080.0000000000 1000000000000.0000000000 0.0000000000
1101318144159072112561178542080.0000000000 1000000000000.0000000000 0.0000000000
1101318144159072112561178542080.0000000000 1000000000000.0000000000 0.0000000000
1101318144159072112561178542080.0000000000 1000000000000.0000000000 0.0000000000
1101318144159072112561178542080.0000000000 1000000000000.0000000000 0.0000000000
1101318144159072112561178542080.0000000000 1000000000000.0000000000 0.0000000000
1101318144159072112561178542080.0000000000 1000000000000.0000000000 0.0000000000
1101318144159072112561178542080.0000000000 1000000000000.0000000000 0.0000000000
1101318144159072112561178542080.0000000000 1000000000000.0000000000 0.0000000000
1101318144159072112561178542080.0000000000 1000000000000.0000000000 0.0000000000
1101318144159072112561178542080.0000000000 1000000000000.0000000000 0.0000000000
1101318144159072112561178542080.0000000000 1000000000000.0000000000 0.0000000000
1101318144159072112561178542080.0000000000 1000000000000.0000000000 0.0000000000
1101318144159072112561178542080.0000000000 1000000000000.0000000000 0.0000000000
1101318144159072112561178542080.0000000000 1000000000000.0000000000 0.0000000000
1101318144159072112561178542080.0000000000 1000000000000.0000000000 0.0000000000
1101318144159072112561178542080.0000000000 1000000000000.0000000000 0.0000000000
1101318144159072112561178542080.0000000000 1000000000000.0000000000 0.0000000000
1101318144159072112561178542080.0000000000 1000000000000.0000000000 0.0000000000
1101318144159072112561178542080.0000000000 1000000000000.0000000000 0.0000000000
1101318144159072112561178542080.0000000000 1000000000000.0000000000 0.0000000000
1101318144159072112561178542080.0000000000 1000000000000.0000000000 0.0000000000
1101318144159072112561178542080.0000000000 1000000000000.0000000000 0.0000000000
1101318144159072112561178542080.0000000000 1000000000000.0000000000 0.0000000000
1101318144159072112561178542080.0000000000 1000000000000.0000000000 0.0000000000
1101318144159072112561178542080.0000000000 1000000000000.0000000000 0.0000000000
1101318144159072112561178542080.0000000000 1000000000000.0000000000 0.0000000000
1101318144159072112561178542080.0000000000 1000000000000.0000000000 0.0000000000
1101318144159072112561178542080.0000000000 1000000000000.0000000000 0.0000000000
1101318144159072112561178542080.0000000000 1000000000000.0000000000 0.0000000000
1101318144159072112561178542080.0000000000 1000000000000.0000000000 0.0000000000
1101318144159072112561178542080.0000000000 1000000000000.0000000000 0.0000000000
1101318144159072112561178542080.0000000000 1000000000000.0000000000 0.0000000000
1101318144159072112561178542080.0000000000 1000000000000.0000000000 0.0000000000
1101318144159072112561178542080.0000000000 1000000000000.0000000000 0.0000000000
1101318144159072112561178542080.0000000000 1000000000000.0000000000 0.0000000000
1101318144159072112561178542080.0000000000 1000000000000.0000000000 0.0000000000
1101318144159072112561178542080.0000000000 1000000000000.0000000000 0.0000000000
1101318144159072112561178542080.0000000000 1000000000000.0000000000 0.0000000000
1101318144159072112561178542080.0000000000 1000000000000.0000000000 0.0000000000
1101318144159072112561178542080.0000000000 1000000000000.0000000000 0.0000000000
1101318144159072112561178542080.0000000000 1000000000000.0000000000 0.0000000000
1101318144159072112561178542080.0000000000 1000000000000.0000000000 0.0000000000
1101318144159072112561178542080.0000000000 1000000000000.0000000000 0.0000000000
1101318144159072112561178542080.0000000000 1000000000000.0000000000 0.0000000000
1101318144159072112561178542080.0000000000 1000000000000.0000000000 0.0000000001
1101318144159072112561178542080.0000000000 1000000000000.0000000000 0.0000000001
1101318144159072112561178542080.0000000000 1000000000000.0000000000 0.0000000001
1101318144159072112561178542080.0000000000 1000000000000.0000000000 0.0000000001
1101318144159072112561178542080.0000000000 1000000000000.0000000000 0.0000000001
1101318144159072112561178542080.0000000000 1000000000000.0000000000 0.0000000001
1101318144159072112561178542080.0000000000 1000000000000.0000000000 0.0000000001
1101318144159072112561178542080.0000000000 1000000000000.0000000000 0.0000000001
1101318144159072112561178542080.0000000000 1000000000000.0000000000 0.0000000001
1101318144159072112561178542080.0000000000 1000000000000.0000000000 0.0000000001
1101318144159072112561178542080.0000000000 1000000000000.0000000000 0.0000000001
1101318144159072112561178542080.0000000000 1000000000000.0000000000 0.0000000001
1101318144159072112561178542080.0000000000 1000000000000.0000000000 0.0000000001
1101318144159072112561178542080.0000000000 1000000000000.0000000000 0.0000000001
1101318144159072112561178542080.0000000000 1000000000000.0000000000 0.0000000001
1101318144159072112561178542080.0000000000 1000000000000.0000000000 0.0000000002
1101318144159072112561178542080.0000000000 1000000000000.0000000000 0.0000000002
1101318144159072112561178542080.0000000000 1000000000000.0000000000 0.0000000002
1101318144159072112561178542080.0000000000 1000000000000.0000000000 0.0000000002
1101318144159072112561178542080.0000000000 1000000000000.0000000000 0.0000000002
1101318144159072112561178542080.0000000000 1000000000000.0000000000 0.0000000002
1101318144159072112561178542080.0000000000 1000000000000.0000000000 0.0000000002
1101318144159072112561178542080.0000000000 1000000000000.0000000000 0.0000000003
1101318144159072112561178542080.0000000000 1000000000000.0000000000 0.0000000003
1101318144159072112561178542080.0000000000 1000000000000.0000000000 0.0000000003
1101318144159072112561178542080.0000000000 1000000000000.0000000000 0.0000000003
1101318144159072112561178542080.0000000000 1000000000000.0000000000 0.0000000004
1101318144159072112561178542080.0000000000 1000000000000.0000000000 0.0000000004
1101318144159072112561178542080.0000000000 1000000000000.0000000000 0.0000000004
1101318144159072112561178542080.0000000000 1000000000000.0000000000 0.0000000004
1101318144159072112561178542080.0000000000 1000000000000.0000000000 0.0000000005
1101318144159072112561178542080.0000000000 1000000000000.0000000000 0.0000000005
1101318144159072112561178542080.0000000000 1000000000000.0000000000 0.0000000006
1101318144159072112561178542080.0000000000 1000000000000.0000000000 0.0000000006
1101318144159072112561178542080.0000000000 1000000000000.0000000000 0.0000000006
1101318144159072112561178542080.0000000000 1000000000000.0000000000 0.0000000007
1101318144159072112561178542080.0000000000 1000000000000.0000000000 0.0000000008
1101318144159072112561178542080.0000000000 1000000000000.0000000000 0.0000000008
1101318144159072112561178542080.0000000000 1000000000000.0000000000 0.0000000009
1101318144159072112561178542080.0000000000 1000000000000.0000000000 0.0000000009
1101318144159072112561178542080.0000000000 1000000000000.0000000000 0.0000000010
1101318144159072112561178542080.0000000000 1000000000000.0000000000 0.0000000011
1101318144159072112561178542080.0000000000 1000000000000.0000000000 0.0000000012
1101318144159072112561178542080.0000000000 1000000000000.0000000000 0.0000000013
1101318144159072112561178542080.0000000000 1000000000000.0000000000 0.0000000014
1101318144159072112561178542080.0000000000 1000000000000.0000000000 0.0000000015
1101318144159072112561178542080.0000000000 1000000000000.0000000000 0.0000000016
1101318144159072112561178542080.0000000000 1000000000000.0000000000 0.0000000017
1101318144159072112561178542080.0000000000 1000000000000.0000000000 0.0000000018
1101318144159072112561178542080.0000000000 1000000000000.0000000000 0.0000000020
1101318144159072112561178542080.0000000000 1000000000000.0000000000 0.0000000021
1101318144159072112561178542080.0000000000 1000000000000.0000000000 0.0000000023
1101318144159072112561178542080.0000000000 1000000000000.0000000000 0.0000000024
1101318144159072112561178542080.0000000000 1000000000000.0000000000 0.0000000026
1101318144159072112561178542080.0000000000 1000000000000.0000000000 0.0000000028
1101318144159072112561178542080.0000000000 1000000000000.0000000000 0.0000000031
1101318144159072112561178542080.0000000000 1000000000000.0000000000 0.0000000033
1101318144159072112561178542080.0000000000 1000000000000.0000000000 0.0000000035
1101318144159072112561178542080.0000000000 1000000000000.0000000000 0.0000000038
1101318144159072112561178542080.0000000000 1000000000000.0000000000 0.0000000041
1101318144159072112561178542080.0000000000 1000000000000.0000000000 0.0000000044
1101318144159072112561178542080.0000000000 1000000000000.0000000000 0.0000000048
1101318144159072112561178542080.0000000000 1000000000000.0000000000 0.0000000051
1101318144159072112561178542080.0000000000 1000000000000.0000000000 0.0000000055
1101318144159072112561178542080.0000000000 1000000000000.0000000000 0.0000000059
1101318144159072112561178542080.0000000000 1000000000000.0000000000 0.0000000064
1101318144159072112561178542080.0000000000 1000000000000.0000000000 0.0000000069
1101318144159072112561178542080.0000000000 1000000000000.0000000000 0.0000000074
1101318144159072112561178542080.0000000000 1000000000000.0000000000 0.0000000080
1101318144159072112561178542080.0000000000 1000000000000.0000000000 0.0000000086
1101318144159072112561178542080.0000000000 1000000000000.0000000000 0.0000000093
1101318144159072112561178542080.0000000000 1000000000000.0000000000 0.0000000100
1101318144159072112561178542080.0000000000 1000000000000.0000000000 0.0000000107
1101318144159072112561178542080.0000000000 1000000000000.0000000000 0.0000000115
1101318144159072112561178542080.0000000000 1000000000000.0000000000 0.0000000124
1101318144159072112561178542080.0000000000 1000000000000.0000000000 0.0000000134
1101318144159072112561178542080.0000000000 1000000000000.0000000000 0.0000000144
1101318144159072112561178542080.0000000000 1000000000000.0000000000 0.0000000155
1101318144159072112561178542080.0000000000 1000000000000.0000000000 0.0000000167
1101318144159072112561178542080.0000000000 1000000000000.0000000000 0.0000000180
1101318144159072112561178542080.0000000000 1000000000000.0000000000 0.0000000194
1101318144159072112561178542080.0000000000 1000000000000.0000000000 0.0000000209
1101318144159072112561178542080.0000000000 1000000000000.0000000000 0.0000000225
1101318144159072112561178542080.0000000000 1000000000000.0000000000 0.0000000242
1101318144159072112561178542080.0000000000 1000000000000.0000000000 0.0000000260
1101318144159072112561178542080.0000000000 1000000000000.0000000000 0.0000000280
1101318144159072112561178542080.0000000000 1000000000000.0000000000 0.0000000302
1101318144159072112561178542080.0000000000 1000000000000.0000000000 0.0000000325
1101318144159072112561178542080.0000000000 1000000000000.0000000000 0.0000000350
1101318144159072112561178542080.0000000000 1000000000000.0000000000 0.0000000377
1101318144159072112561178542080.0000000000 1000000000000.0000000000 0.0000000405
1101318144159072112561178542080.0000000000 1000000000000.0000000000 0.0000000437
1101318144159072112561178542080.0000000000 1000000000000.0000000000 0.0000000470
1101318144159072112561178542080.0000000000 1000000000000.0000000000 0.0000000506
1101318144159072112561178542080.0000000000 1000000000000.0000000000 0.0000000545
1101318144159072112561178542080.0000000000 1000000000000.0000000000 0.0000000587
1101318144159072112561178542080.0000000000 1000000000000.0000000000 0.0000000632
1101318144159072112561178542080.0000000000 1000000000000.0000000000 0.0000000680
1101318144159072112561178542080.0000000000 1000000000000.0000000000 0.0000000732
1101318144159072112561178542080.0000000000 1000000000000.0000000000 0.0000000788
1101318144159072112561178542080.0000000000 1000000000000.0000000000 0.0000000849
1101318144159072112561178542080.0000000000 1000000000000.0000000000 0.0000000914
1101318144159072112561178542080.0000000000 1000000000000.0000000000 0.0000000984
1101318144159072112561178542080.0000000000 1000000000000.0000000000 0.0000001059
1101318144159072112561178542080.0000000000 1000000000000.0000000000 0.0000001140
1101318144159072112561178542080.0000000000 1000000000000.0000000000 0.0000001228
1101318144159072112561178542080.0000000000 1000000000000.0000000000 0.0000001322
1101318144159072112561178542080.0000000000 1000000000000.0000000000 0.0000001423
1101318144159072112561178542080.0000000000 1000000000000.0000000000 0.0000001533
1101318144159072112561178542080.0000000000 1000000000000.0000000000 0.0000001650
1101318144159072112561178542080.0000000000 1000000000000.0000000000 0.0000001776
1101318144159072112561178542080.0000000000 1000000000000.0000000000 0.0000001913
1101318144159072112561178542080.0000000000 1000000000000.0000000000 0.0000002059
1101318144159072112561178542080.0000000000 1000000000000.0000000000 0.0000002217
1101318144159072112561178542080.0000000000 1000000000000.0000000000 0.0000002387
1101318144159072112561178542080.0000000000 1000000000000.0000000000 0.0000002570
1101318144159072112561178542080.0000000000 1000000000000.0000000000 0.0000002767
1101318144159072112561178542080.0000000000 1000000000000.0000000000 0.0000002979
1101318144159072112561178542080.0000000000 1000000000000.0000000000 0.0000003208
1101318144159072112561178542080.0000000000 1000000000000.0000000000 0.0000003454
1101318144159072112561178542080.0000000000 1000000000000.0000000000 0.0000003719
1101318144159072112561178542080.0000000000 1000000000000.0000000000 0.0000004004
1101318144159072112561178542080.0000000000 1000000000000.0000000000 0.0000004311
1101318144159072112561178542080.0000000000 1000000000000.0000000000 0.0000004641
1101318144159072112561178542080.0000000000 1000000000000.0000000000 0.0000004997
1101318144159072112561178542080.0000000000 1000000000000.0000000000 0.0000005380
1101318144159072112561178542080.0000000000 1000000000000.0000000000 0.0000005792
1101318144159072112561178542080.0000000000 1000000000000.0000000000 0.0000006237
1101318144159072112561178542080.0000000000 1000000000000.0000000000 0.0000006715
1101318144159072112561178542080.0000000000 1000000000000.0000000000 0.0000007229
1101318144159072112561178542080.0000000000 1000000000000.0000000000 0.0000007784
1101318144159072112561178542080.0000000000 1000000000000.0000000000 0.0000008381
1101318144159072112561178542080.0000000000 1000000000000.0000000000 0.0000009023
1101318144159072112561178542080.0000000000 1000000000000.0000000000 0.0000009715
1101318144159072112561178542080.0000000000 1000000000000.0000000000 0.0000010460
1101318144159072112561178542080.0000000000 1000000000000.0000000000 0.0000011266
1101318144159072112561178542080.0000000000 1000000000000.0000000000 0.0000012134
1101318144159072112561178542080.0000000000 1000000000000.0000000000 0.0000013068
1101318144159072112561178542080.0000000000 1000000000000.0000000000 0.0000014073
1101318144159072112561178542080.0000000000 1000000000000.0000000000 0.0000015155
1101318144159072112561178542080.0000000000 1000000000000.0000000000 0.0000016319
1101318144159072112561178542080.0000000000 1000000000000.0000000000 0.0000017572
1101318144159072112561178542080.0000000000 1000000000000.0000000000 0.0000018921
1101318144159072112561178542080.0000000000 1000000000000.0000000000 0.0000020373
1101318144159072112561178542080.0000000000 1000000000000.0000000000 0.0000021936
1101318144159072112561178542080.0000000000 1000000000000.0000000000 0.0000023619
1101318144159072112561178542080.0000000000 1000000000000.0000000000 0.0000025431
1101318144159072112561178542080.0000000000 1000000000000.0000000000 0.0000027382
1101318144159072112561178542080.0000000000 1000000000000.0000000000 0.0000029482
1101318144159072112561178542080.0000000000 1000000000000.0000000000 0.0000031742
1101318144159072112561178542080.0000000000 1000000000000.0000000000 0.0000034177
1101318144159072112561178542080.0000000000 1000000000000.0000000000 0.0000036797
1101318144159072112561178542080.0000000000 1000000000000.0000000000 0.0000039619
1101318144159072112561178542080.0000000000 1000000000000.0000000000 0.0000042656
1101318144159072112561178542080.0000000000 1000000000000.0000000000 0.0000045927
1101318144159072112561178542080.0000000000 1000000000000.0000000000 0.0000049448
1101318144159072112561178542080.0000000000 1000000000000.0000000000 0.0000053240
1101318144159072112561178542080.0000000000 1000000000000.0000000000 0.0000057322
1101318144159072112561178542080.0000000000 1000000000000.0000000000 0.0000061716
1101318144159072112561178542080.0000000000 1000000000000.0000000000 0.0000066448
1101318144159072112561178542080.0000000000 1000000000000.0000000000 0.0000071543
1101318144159072112561178542080.0000000000 1000000000000.0000000000 0.0000077028
1101318144159072112561178542080.0000000000 1000000000000.0000000000 0.0000082933
1101318144159072112561178542080.0000000000 1000000000000.0000000000 0.0000089291
1101318144159072112561178542080.0000000000 1000000000000.0000000000 0.0000096137
1101318144159072112561178542080.0000000000 1000000000000.0000000000 0.0000103508
1101318144159072112561178542080.0000000000 1000000000000.0000000000 0.0000111443
1101318144159072112561178542080.0000000000 1000000000000.0000000000 0.0000119987
1101318144159072112561178542080.0000000000 1000000000000.0000000000 0.0000129186
1101318144159072112561178542080.0000000000 1000000000000.0000000000 0.0000139091
1101318144159072112561178542080.0000000000 1000000000000.0000000000 0.0000149754
1101318144159072112561178542080.0000000000 1000000000000.0000000000 0.0000161236
1101318144159072112561178542080.0000000000 1000000000000.0000000000 0.0000173597
1101318144159072112561178542080.0000000000 1000000000000.0000000000 0.0000186906
1101318144159072112561178542080.0000000000 1000000000000.0000000000 0.0000201236
1101318144159072112561178542080.0000000000 1000000000000.0000000000 0.0000216664
1101318144159072112561178542080.0000000000 1000000000000.0000000000 0.0000233275
1101318144159072112561178542080.0000000000 1000000000000.0000000000 0.0000251159
1101318144159072112561178542080.0000000000 1000000000000.0000000000 0.0000270415
1101318144159072112561178542080.0000000000 1000000000000.0000000000 0.0000291146
1101318144159072112561178542080.0000000000 1000000000000.0000000000 0.0000313468
1101318144159072112561178542080.0000000000 1000000000000.0000000000 0.0000337500
1101318144159072112561178542080.0000000000 1000000000000.0000000000 0.0000363375
1101318144159072112561178542080.0000000000 1000000000000.0000000000 0.0000391234
1101318144159072112561178542080.0000000000 1000000000000.0000000000 0.0000421229
1101318144159072112561178542080.0000000000 1000000000000.0000000000 0.0000453523
1101318144159072112561178542080.0000000000 1000000000000.0000000000 0.0000488293
1101318144159072112561178542080.0000000000 1000000000000.0000000000 0.0000525729
1101318144159072112561178542080.0000000000 1000000000000.0000000000 0.0000566034
1101318144159072112561178542080.0000000000 1000000000000.0000000000 0.0000609430
1101318144159072112561178542080.0000000000 1000000000000.0000000000 0.0000656153
1101318144159072112561178542080.0000000000 1000000000000.0000000000 0.0000706459
1101318144159072112561178542080.0000000000 1000000000000.0000000000 0.0000760620
1101318144159072112561178542080.0000000000 1000000000000.0000000000 0.0000818935
1101318144159072112561178542080.0000000000 1000000000000.0000000000 0.0000881720
1101318144159072112561178542080.0000000000 1000000000000.0000000000 0.0000949318
1101318144159072112561178542080.0000000000 1000000000000.0000000000 0.0001022099
1101318144159072112561178542080.0000000000 1000000000000.0000000000 0.0001100460
1101318144159072112561178542080.0000000000 1000000000000.0000000000 0.0001184829
1101318144159072112561178542080.0000000000 1000000000000.0000000000 0.0001275666
1101318144159072112561178542080.0000000000 1000000000000.0000000000 0.0001373467
1101318144159072112561178542080.0000000000 1000000000000.0000000000 0.0001478766
1101318144159072112561178542080.0000000000 1000000000000.0000000000 0.0001592138
1101318144159072112561178542080.0000000000 1000000000000.0000000000 0.0001714202
1101318144159072112561178542080.0000000000 1000000000000.0000000000 0.0001845624
1101318144159072112561178542080.0000000000 1000000000000.0000000000 0.0001987122
1101318144159072112561178542080.0000000000 1000000000000.0000000000 0.0002139468
1101318144159072112561178542080.0000000000 1000000000000.0000000000 0.0002303493
1101318144159072112561178542080.0000000000 1000000000000.0000000000 0.0002480095
1101318144159072112561178542080.0000000000 1000000000000.0000000000 0.0002670235
1101318144159072112561178542080.0000000000 1000000000000.0000000000 0.0002874953
1101318144159072112561178542080.0000000000 1000000000000.0000000000 0.0003095366
1101318144159072112561178542080.0000000000 1000000000000.0000000000 0.0003332678
1101318144159072112561178542080.0000000000 1000000000000.0000000000 0.0003588183
1101318144159072112561178542080.0000000000 1000000000000.0000000000 0.0003863277
1101318144159072112561178542080.0000000000 1000000000000.0000000000 0.0004159462
1101318144159072112561178542080.0000000000 1000000000000.0000000000 0.0004478354
1101318144159072112561178542080.0000000000 1000000000000.0000000000 0.0004821694
1101318144159072112561178542080.0000000000 1000000000000.0000000000 0.0005191357
1101318144159072112561178542080.0000000000 1000000000000.0000000000 0.0005589361
1101318144159072112561178542080.0000000000 1000000000000.0000000000 0.0006017879
1101318144159072112561178542080.0000000000 1000000000000.0000000000 0.0006479250
1101318144159072112561178542080.0000000000 1000000000000.0000000000 0.0006975992
1101318144159072112561178542080.0000000000 1000000000000.0000000000 0.0007510818
1101318144159072112561178542080.0000000000 1000000000000.0000000000 0.0008086648
1101318144159072112561178542080.0000000000 1000000000000.0000000000 0.0008706624
1101318144159072112561178542080.0000000000 1000000000000.0000000000 0.0009374132
1101318144159072112561178542080.0000000000 1000000000000.0000000000 0.0010092815
1101318144159072112561178542080.0000000000 1000000000000.0000000000 0.0010866598
1101318144159072112561178542080.0000000000 1000000000000.0000000000 0.0011699704
1101318144159072112561178542080.0000000000 1000000000000.0000000000 0.0012596681
1101318144159072112561178542080.0000000000 1000000000000.0000000000 0.0013562426
1101318144159072112561178542080.0000000000 1000000000000.0000000000 0.0014602212
1101318144159072112561178542080.0000000000 1000000000000.0000000000 0.0015721715
1101318144159072112561178542080.0000000000 1000000000000.0000000000 0.0016927047
1101318144159072112561178542080.0000000000 1000000000000.0000000000 0.0018224787
1101318144159072112561178542080.0000000000 1000000000000.0000000000 0.0019622021
1101318144159072112561178542080.0000000000 1000000000000.0000000000 0.0021126376
1101318144159072112561178542080.0000000000 1000000000000.0000000000 0.0022746065
1101318144159072112561178542080.0000000000 1000000000000.0000000000 0.0024489929
1101318144159072112561178542080.0000000000 1000000000000.0000000000 0.0026367491
1101318144159072112561178542080.0000000000 1000000000000.0000000000 0.0028388998
1101318144159072112561178542080.0000000000 1000000000000.0000000000 0.0030565488
1101318144159072112561178542080.0000000000 1000000000000.0000000000 0.0032908842
1101318144159072112561178542080.0000000000 1000000000000.0000000000 0.0035431853
1101318144159072112561178542080.0000000000 1000000000000.0000000000 0.0038148296
1101318144159072112561178542080.0000000000 1000000000000.0000000000 0.0041072998
1101318144159072112561178542080.0000000000 1000000000000.0000000000 0.0044221928
1101318144159072112561178542080.0000000000 1000000000000.0000000000 0.0047612276
1101318144159072112561178542080.0000000000 1000000000000.0000000000 0.0051262550
1101318144159072112561178542080.0000000000 1000000000000.0000000000 0.0055192679
1101318144159072112561178542080.0000000000 1000000000000.0000000000 0.0059424118
1101318144159072112561178542080.0000000000 1000000000000.0000000000 0.0063979967
1101318144159072112561178542080.0000000000 1000000000000.0000000000 0.0068885098
1101318144159072112561178542080.0000000000 1000000000000.0000000000 0.0074166289
1101318144159072112561178542080.0000000000 1000000000000.0000000000 0.0079852371
1101318144159072112561178542080.0000000000 1000000000000.0000000000 0.0085974386
1101318144159072112561178542080.0000000000 1000000000000.0000000000 0.0092565755
1101318144159072112561178542080.0000000000 1000000000000.0000000000 0.0099662463
1101318144159072112561178542080.0000000000 1000000000000.0000000000 0.0107303252
1101318144159072112561178542080.0000000000 1000000000000.0000000000 0.0115529834
1101318144159072112561178542080.0000000000 1000000000000.0000000000 0.0124387122
1101318144159072112561178542080.0000000000 1000000000000.0000000000 0.0133923468
1101318144159072112561178542080.0000000000 1000000000000.0000000000 0.0144190934
1101318144159072112561178542080.0000000000 1000000000000.0000000000 0.0155245572
1101318144159072112561178542080.0000000000 1000000000000.0000000000 0.0167147732
1101318144159072112561178542080.0000000000 1000000000000.0000000000 0.0179962392
1101318144159072112561178542080.0000000000 1000000000000.0000000000 0.0193759508
1101318144159072112561178542080.0000000000 1000000000000.0000000000 0.0208614404
1101318144159072112561178542080.0000000000 1000000000000.0000000000 0.0224608175
1101318144159072112561178542080.0000000000 1000000000000.0000000000 0.0241828135
1101318144159072112561178542080.0000000000 1000000000000.0000000000 0.0260368292
1101318144159072112561178542080.0000000000 1000000000000.0000000000 0.0280329860
1101318144159072112561178542080.0000000000 1000000000000.0000000000 0.0301821816
1101318144159072112561178542080.0000000000 1000000000000.0000000000 0.0324961489
1101318144159072112561178542080.0000000000 1000000000000.0000000000 0.0349875203
1101318144159072112561178542080.0000000000 1000000000000.0000000000 0.0376698968
1101318144159072112561178542080.0000000000 1000000000000.0000000000 0.0405579222
1101318144159072112561178542080.0000000000 1000000000000.0000000000 0.0436673629
1101318144159072112561178542080.0000000000 1000000000000.0000000000 0.0470151941
1101318144159072112561178542080.0000000000 1000000000000.0000000000 0.0506196923
1101318144159072112561178542080.0000000000 1000000000000.0000000000 0.0545005353
1101318144159071971823690186752.0000000000 999999999999.9998779297 0.0586789097
1101318144159071831086201831424.0000000000 999999999999.9996337891 0.0631776261
1101318144159071690348713476096.0000000000 999999999999.9995117188 0.0680212440
1101318144159071549611225120768.0000000000 999999999999.9992675781 0.0732362061
1101318144159071408873736765440.0000000000 999999999999.9991455078 0.0788509818
1101318144159071268136248410112.0000000000 999999999999.9990234375 0.0848962237
1101318144159071127398760054784.0000000000 999999999999.9987792969 0.0914049342
1101318144159070845923783344128.0000000000 999999999999.9984130859 0.0984126458
1101318144159070564448806633472.0000000000 999999999999.9980468750 0.1059576153
1101318144159070282973829922816.0000000000 999999999999.9976806641 0.1140810324
1101318144159070001498853212160.0000000000 999999999999.9973144531 0.1228272448
1101318144159069579286388146176.0000000000 999999999999.9968261719 0.1322440002
1101318144159069157073923080192.0000000000 999999999999.9962158203 0.1423827069
1101318144159068594123969658880.0000000000 999999999999.9954833984 0.1532987144
1101318144159068031174016237568.0000000000 999999999999.9948730469 0.1650516157
1101318144159067327486574460928.0000000000 999999999999.9938964844 0.1777055729
1101318144159066483061644328960.0000000000 999999999999.9927978516 0.1913296668
1101318144159065497899225841664.0000000000 999999999999.9915771484 0.2059982745
1101318144159064371999318999040.0000000000 999999999999.9901123047 0.2217914754
1101318144159063105361923801088.0000000000 999999999999.9885253906 0.2387954885
1101318144159061697987040247808.0000000000 999999999999.9866943359 0.2571031425
1101318144159060009137179983872.0000000000 999999999999.9844970703 0.2768143834
1101318144159058038812343009280.0000000000 999999999999.9819335938 0.2980368193
1101318144159055787012529324032.0000000000 999999999999.9791259766 0.3208863087
1101318144159053113000250572800.0000000000 999999999999.9755859375 0.3454875922
1101318144159050016775506755584.0000000000 999999999999.9716796875 0.3719749742
1101318144159046498338297872384.0000000000 999999999999.9671630859 0.4004930554
1101318144159042416951135567872.0000000000 999999999999.9619140625 0.4311975229
1101318144159037631876531486720.0000000000 999999999999.9558105469 0.4642559995
1101318144159032143114485628928.0000000000 999999999999.9487304688 0.4998489593
1101318144159025669190021283840.0000000000 999999999999.9404296875 0.5381707126
1101318144159018210103138451456.0000000000 999999999999.9307861328 0.5794304671
1101318144159009625116348776448.0000000000 999999999999.9197998047 0.6238534694
1101318144158999632754675548160.0000000000 999999999999.9069824219 0.6716822351
1101318144158988092280630411264.0000000000 999999999999.8922119141 0.7231778729
1101318144158974581481748299776.0000000000 999999999999.8747558594 0.7786215096
1101318144158958959620540858368.0000000000 999999999999.8547363281 0.8383158251
1101318144158940945222031376384.0000000000 999999999999.8316650391 0.9025867047
1101318144158919975336266432512.0000000000 999999999999.8046875000 0.9717850184
1101318144158895627750780960768.0000000000 999999999999.7734375000 1.0462885362
1101318144158867480253109895168.0000000000 999999999999.7373046875 1.1265039903
1101318144158834829155811459072.0000000000 999999999999.6953125000 1.2128692958
1101318144158796970771443875840.0000000000 999999999999.6467285156 1.3058559414
1101318144158753060675077013504.0000000000 999999999999.5903320312 1.4059715631
1101318144158702254441780740096.0000000000 999999999999.5251464844 1.5137627158
1101318144158643285434159857664.0000000000 999999999999.4494628906 1.6298178568
1101318144158574887014819168256.0000000000 999999999999.3615722656 1.7547705586
1101318144158495651808875118592.0000000000 999999999999.2598876953 1.8893029675
1101318144158403750228979089408.0000000000 999999999999.1418457031 2.0341495277
1101318144158297211950294106112.0000000000 999999999999.0050048828 2.1901009908
1101318144158173785173006483456.0000000000 999999999998.8465576172 2.3580087326
1101318144158030655147349114880.0000000000 999999999998.6627197266 2.5387894013
1101318144157864725648578183168.0000000000 999999999998.4497070312 2.7334299212
1101318144157672478239484805120.0000000000 999999999998.2028808594 2.9429928809
1101318144157449550057929965568.0000000000 999999999997.9166259766 3.1686223341
1101318144157191156029309583360.0000000000 999999999997.5848388672 3.4115500453
1101318144156891666654089445376.0000000000 999999999997.2001953125 3.6731022142
1101318144156544467270316851200.0000000000 999999999996.7543945312 3.9547067160
1101318144156141958053620613120.0000000000 999999999996.2375488281 4.2579008962
1101318144155675413279722700800.0000000000 999999999995.6385498047 4.5843399635
1101318144155134559111973175296.0000000000 999999999994.9440917969 4.9358060258
1101318144154507714338838544384.0000000000 999999999994.1391601562 5.3142178194
1101318144153780945948971630592.0000000000 999999999993.2059326172 5.7216411837
1101318144152938491343676637184.0000000000 999999999992.1242675781 6.1603003391
1101318144151961913911979016192.0000000000 999999999990.8702392578 6.6325900297
1101318144150829821555648757760.0000000000 999999999989.4166259766 7.1410885963
1101318144149517585214223679488.0000000000 999999999987.7316894531 7.6885720529
1101318144147996353702590939136.0000000000 999999999985.7783203125 8.2780292409
1101318144146232912973498679296.0000000000 999999999983.5139160156 8.9126781466
1101318144144188841692625895424.0000000000 999999999980.8892822266 9.5959834680
1101318144141819244601187237888.0000000000 999999999977.8466796875 10.3316755306
1101318144139072471040956301312.0000000000 999999999974.3197021484 11.1237706511
1101318144135888285366917005312.0000000000 999999999970.2310791016 11.9765930638
1101318144132197163259821817856.0000000000 999999999965.4914550781 12.8947985279
1101318144127918321401354780672.0000000000 999999999959.9973144531 13.8833997439
1101318144122958310099247955968.0000000000 999999999953.6284179688 14.9477937194
1101318144117208620749979385856.0000000000 999999999946.2456054688 16.0937912328
1101318144110543434038959407104.0000000000 999999999937.6871337891 17.3276485551
1101318144102817086665740255232.0000000000 999999999927.7662353516 18.6561016049
1101318144093860693644295536640.0000000000 999999999916.2658691406 20.0864027215
1101318144083478348390834634752.0000000000 999999999902.9344482422 21.6263602566
1101318144071443041336640405504.0000000000 999999999887.4805908203 23.2843812021
1101318144057491593378488385536.0000000000 999999999869.5662841797 25.0695170862
1101318144041318885641624223744.0000000000 999999999848.7999267578 26.9915133875
1101318144022571244817810980864.0000000000 999999999824.7271728516 29.0608627378
1101318144000838843340957941760.0000000000 999999999796.8217773438 31.2888622043
1101318143975646410712889163776.0000000000 999999999764.4736328125 33.6876749625
1101318143946442959666693537792.0000000000 999999999726.9752197266 36.2703966979
1101318143912589964217702940672.0000000000 999999999683.5064697266 39.0511270989
1101318143873347285914656702464.0000000000 999999999633.1171875000 42.0450468295
1101318143827856707553564033024.0000000000 999999999574.7053222656 45.2685004052
1101318143775123496566729474048.0000000000 999999999506.9936523438 48.7390854205
1101318143713994590712057823232.0000000000 999999999428.5015869141 52.4757486192
1101318143643133265325150175232.0000000000 999999999337.5125732422 56.4988893284
1101318143560990141396702724096.0000000000 999999999232.0373535156 60.8304708238
1101318143465768845625348063232.0000000000 999999999109.7691650391 65.4941402324
1101318143355387307608357470208.0000000000 999999998968.0345458984 70.5153576273
1101318143227431738682948714496.0000000000 999999998803.7341308594 75.9215350207
1101318143079104277580617875456.0000000000 999999998613.2753906250 81.7421860123
1101318142907161488144728064000.0000000000 999999998392.4935302734 88.0090869111
1101318142707843427636378337280.0000000000 999999998136.5606689453 94.7564502099
1101318142476791737516180897792.0000000000 999999997839.8804931641 102.0211113591
1101318142208954082689667825664.0000000000 999999997495.9655761719 109.8427298603
1101318141898473672578932146176.0000000000 999999997097.2954101562 118.2640057770
1101318141538561330745712836608.0000000000 999999996635.1527099609 127.3309128441
1101318141121346876103691599872.0000000000 999999996099.4316406250 137.0929494495
1101318140637707282445211009024.0000000000 999999995478.4177246094 147.6034088573
1101318140077066831207809941504.0000000000 999999994758.5316162109 158.9196701489
1101318139427166161255832485888.0000000000 999999993924.0314941406 171.1035114682
1101318138673794163965111042048.0000000000 999999992956.6696777344 184.2214472833
1101318137800476953373701046272.0000000000 999999991835.2933349609 198.3450915053
1101318136788118000424156397568.0000000000 999999990535.3813476562 213.5515484445
1101318135614580142623114133504.0000000000 999999989028.5087890625 229.9238337419
1101318134254202150768793878528.0000000000 999999987281.7255859375 247.5513275708
1101318132677236764159995019264.0000000000 999999985256.8348388672 266.5302625841
1101318130849201046349848510464.0000000000 999999982909.5592041016 286.9642492715
1101318128730121750733255606272.0000000000 999999980188.5712890625 308.9648415934
1101318126273661481481689628672.0000000000 999999977034.3717041016 332.6521459799
1101318123426105383627037605888.0000000000 999999973377.9885253906 358.1554770206
1101318120125186829458763415552.0000000000 999999969139.4686279297 385.6140634234
1101318116298725361111604920320.0000000000 999999964226.1292724609 415.1778080964
1101318111863048741846134030336.0000000000 999999958530.5317382812 447.0081065035
1101318106721163227962649083904.0000000000 999999951928.1319580078 481.2787277601
1101318100760632514114171699200.0000000000 999999944274.5568847656 518.1767632794
1101318093851119190122367549440.0000000000 999999935402.4477539062 557.9036481487
1101318085841534666100862615552.0000000000 999999925117.8004150391 600.6762608105
1101318076556735500653590216704.0000000000 999999913195.7231445312 646.7281070526
1101318065793693370866689114112.0000000000 999999899375.5190429688 696.3105947713
1101318053317055648975823044608.0000000000 999999883354.9853515625 749.6944064655
1101318038853998913892003086336.0000000000 999999864783.8049316406 807.1709769558
1101318022088263511282670370816.0000000000 999999843255.8873291016 869.0540843946
1101318002653237572656426909696.0000000000 999999818300.4869384766 935.6815632545
1101317980123940608026316111872.0000000000 999999789371.9110107422 1007.4171486443
1101317954007730609553720475648.0000000000 999999755837.5860595703 1084.6524620233
1101317923733531722714668072960.0000000000 999999716964.2263183594 1167.8091491527
1101317888639346468220575940608.0000000000 999999671901.7990722656 1257.3411819563
1101317847957780469128439529472.0000000000 999999619664.9372558594 1353.7373368565
1101317800799261757154273525760.0000000000 999999559111.3924560547 1457.5238631158
1101317746132589162932545257472.0000000000 999999488917.0585937500 1569.2673557491
1101317682762383214894395686912.0000000000 999999407547.0175781250 1689.5778486926
1101317609302947528505357762560.0000000000 999999313221.9761962891 1819.1121451137
1101317524147968447234919366656.0000000000 999999203879.3594970703 1958.5774030428
1101317425435390624637730684928.0000000000 999999077128.2089843750 2108.7349959009
1101317311006700683809989328896.0000000000 999998930196.9018554688 2270.4046689991
1101317178359728226657202339840.0000000000 999998759872.5446777344 2444.4690146985
1101317024593932868658657230848.0000000000 999998562430.7202148438 2631.8782906619
1101316846346979904577674936320.0000000000 999998333554.0476074219 2833.6556074988
1101316639721219748232228241408.0000000000 999998068237.7789306641 3050.9025141233
1101316400198461250196629094400.0000000000 999997760680.3646240234 3284.8050113139
1101316122541177358675808878592.0000000000 999997404156.5969238281 3536.6400263022
1101315800677982521630960648192.0000000000 999996990870.5583496094 3807.7823837332
1101315427570878110238702043136.0000000000 999996511785.1594238281 4099.7123110491
1101314995061363152986430242816.0000000000 999995956424.5375976562 4414.0235192652
1101314493692046472957199908864.0000000000 999995312645.0001220703 4752.4319032452
1101313912499860673976774688768.0000000000 999994566369.5019531250 5116.7849089654
1101313238776357628234367500288.0000000000 999993701279.8549804688 5509.0716188953
1101312457789845386473135669248.0000000000 999992698459.9398193359 5931.4336105390
1101311552463293406652921806848.0000000000 999991535982.1225585938 6386.1766474019
1101310503000966974867660341248.0000000000 999990188427.8374023438 6875.7832661860
1101309286455630295992654364672.0000000000 999988626331.8571777344 7402.9263289039
1101307876226860694844244754432.0000000000 999986815538.1072998047 7970.4836138650
1101306241479513714471223689216.0000000000 999984716452.9500732422 8581.5535251505
1101304346469631642279413284864.0000000000 999982283179.6228027344 9239.4720062887
1101302149763073056070046842880.0000000000 999979462514.9246826172 9947.8307504058
1101299603329795732566637019136.0000000000 999976192786.2376708984 10710.4968061892
1101296651494017049516593643520.0000000000 999972402503.4877929688 11531.6336866008
1101293229717331233276554117120.0000000000 999968008796.6157226562 12415.7240954586
1101289263188224739716404084736.0000000000 999962915604.4545898438 13367.5943958091
1101284665187212731538491834368.0000000000 999957011575.4954833984 14392.4409534801
1101279335191938698274888744960.0000000000 999950167634.7553710938 15495.8584994023
1101273156680921477456175562752.0000000000 999942234163.6938476562 16683.8706652432
1101265994588087671911874560000.0000000000 999933037731.7253417969 17962.9628586968
1101257692352645788927457755136.0000000000 999922377308.1313476562 19340.1176574509
1101248068500084570483813515264.0000000000 999910019871.9171142578 20822.8529144965
1101236912679928136882355961856.0000000000 999895695324.1204833984 22419.2627821026
1101223981074132222743523885056.0000000000 999879090591.9974365234 24138.0618775444
1101208991076430386977149288448.0000000000 999859842797.0760498047 25988.6328306031
1101191615127236715272395030528.0000000000 999837531338.9093017578 27981.0774710543
1101171473570575537955540041728.0000000000 999811668723.0688476562 30126.2719338902
1101148126378564555259315748864.0000000000 999781689935.0291748047 32435.9259809965
1101121063564802157772795805696.0000000000 999746940130.5491943359 34922.6468604962
1101089694080137092484533583872.0000000000 999706660377.3675537109 37600.0080490986
1101053332952176278276956749824.0000000000 999659971141.7838134766 40482.6232486359
1101011186392913147689223323648.0000000000 999605853166.2193603516 43586.2260356480
1100962334556349133408016793600.0000000000 999543125329.2695312500 46927.7555924798
1100905711579169497809432870912.0000000000 999470419017.0825195312 50525.4489799972
1100840082481582263579636137984.0000000000 999386148463.0529785156 54398.9404457957
1100764016441412023588753506304.0000000000 999288476430.6215820312 58569.3682977749
1100675855881457400814386544640.0000000000 999175274520.1267089844 63059.4899112542
1100573680726918192632850022400.0000000000 999044077273.8194580078 67893.8054784974
1100455267094949675248274898944.0000000000 998892029131.4938964844 73098.6911526272
1100318039570268709601664827392.0000000000 998715823150.3343505859 78702.5423078663
1100159016111814481314226110464.0000000000 998511630262.7235107422 84735.9277221793
1099974744476332858811084701696.0000000000 998275017641.4189453125 91231.7550273936
1099761228920951088864949174272.0000000000 998000854582.5404052734 98225.4490333259
1099513845769367723480881037312.0000000000 997683204088.9647216797 105755.1433062297
1099227246249612369636100145152.0000000000 997315198109.8746337891 113861.8860950101
1098895244818769584858761003008.0000000000 996888894144.9520263672 122589.8616246974
1098510690987057266301260005376.0000000000 996395110661.0405273438 131986.6278365636
1098065322445103804081313415168.0000000000 995823238501.3194580078 142103.3717149620
1097549597091880542903142973440.0000000000 995161025202.0211181641 152995.1834019289
1096952501368086607511823581184.0000000000 994394328884.3410644531 164721.3503612067
1096261332137611761914468106240.0000000000 993506838180.9547119141 177345.6729130317
1095461449251665276416003407872.0000000000 992479754517.8298339844 190936.8025192924
1094535995908987073194046259200.0000000000 991291433044.8376464844 205568.6042552743
1093465584035653684265482190848.0000000000 989916978650.0361328125 221320.5449594908
1092227942208666503519393546240.0000000000 988327793878.5749511719 238278.1086083151
1090797524216627729076955643904.0000000000 986491076307.9464111328 256533.2405201496
1089145077288887943259452604416.0000000000 984369264135.8380126953 276184.8220601009
1087237170458930559114325000192.0000000000 981919430578.6480712891 297339.1775999300
1085035685616292838018044133376.0000000000 979092630360.4951171875 320110.6156047525
1082497276734663846431412977664.0000000000 975833205339.0843505859 344622.0058918126
1079572805925106404127705923584.0000000000 972078060374.0461425781 371005.3953748644
1076206772948440225549738049536.0000000000 967755930796.5610351562 399402.6753098809
1072336760653617588406904160256.0000000000 962786670328.6345214844 429966.2798206966
1067892920653925752292004331520.0000000000 957080590669.4556884766 462859.9168937683
1062797545916320976535816241152.0000000000 950537912681.9143066406 498259.3997237906
1056964787654002919958021931008.0000000000 943048402870.6186523438 536353.5238845319
1050300669725013606284287541248.0000000000 934491391870.3100585938 577344.9663459095
1042703169499288493963956191232.0000000000 924735878282.5970458984 621450.6015565575
1034062815118599674410764861440.0000000000 913641295583.1380615234 668903.6586122537
1024263848764165406846760255488.0000000000 901059005806.7528076172 719955.0599843792
1013186850169565644582847250432.0000000000 886466727628.2481689453 774874.5469918803
1000714350297876786164990476288.0000000000 869659920389.2409667969 833952.5699199527
986725658073048827801846677504.0000000000 850810030137.3161621094 897527.7604934569
971108231631936469852986802176.0000000000 829765405686.2911376953 965968.8288075408
953781760173127527384989302784.0000000000 806417827499.3906250000 1039656.0561780152
934627186011425902753772208128.0000000000 780498633808.5242919922 1118915.3387471859
913624447577258935143601537024.0000000000 751100609886.8410644531 1204398.6221929844
890746007624115098497134362624.0000000000 719077122704.8471679688 1296538.3579756718
866030593436931678653372170240.0000000000 684482379748.5129394531 1396032.3267380584
839564651699917883464203894784.0000000000 646269686879.0544433594 1503507.4586749761
811471636882303297319077937152.0000000000 605626374503.8092041016 1619805.9106893966
781948187833934488241354833920.0000000000 562462053050.2437744141 1746066.0472165160
751268557041288206477525254144.0000000000 517368043621.9300537109 1883499.9478037495
719750809638224751975112638464.0000000000 471455723110.1450805664 2033591.4591771276
687700830992581847366030589952.0000000000 425536043245.4629516602 2198042.6720978129
655366720626032062432393822208.0000000000 383234577739.0648803711 2379221.3613754851
622841963106556016049296244736.0000000000 350605701996.2468872070 2579689.8470544424
589755633720165590308596219904.0000000000 333145777255.2682495117 2800945.2137611508
556650637265804494009754714112.0000000000 317146310985.7125854492 3040498.0263197203
523550982456719652367760359424.0000000000 300977659460.1365966797 3290010.8847926441
490455385409229284976013344768.0000000000 284738757786.5870361328 3549439.5162055949
457422257272629220852543520768.0000000000 268349093502.2009887695 3819621.2593876454
424584416074815340168878227456.0000000000 251865147475.1795654297 4101380.4147090372
392098240815164065081395773440.0000000000 235557730785.4338378906 4395384.4537482271
360158450279129016778671259648.0000000000 219485759246.5423583984 4702219.3824121496
329011705778401127814024658944.0000000000 203334213894.6679077148 5022163.8279167693
298839961738997710723856990208.0000000000 187688267584.4143981934 5355386.0026935963
269853102787171494215012057088.0000000000 172484046431.8718872070 5702641.5663712509
242272437241389218371741941760.0000000000 157660957460.1298828125 6063873.0755620273
216220702487405847376847437824.0000000000 143659584596.7555541992 6439213.3243335243
191856818942350274345253732352.0000000000 130096898237.6713256836 6829142.0666137859
169256079725789958770895355904.0000000000 117394292984.5680847168 7233222.1790054617
148457326098673444094067343360.0000000000 105498922928.1588287354 7652244.1929856511
129511665677741953615034056704.0000000000 94341063933.7116241455 8085957.3311691880
112355516717682752550053347328.0000000000 84224813392.0109405518 8534310.1636194550
96990147338465111433958916096.0000000000 74626606782.4728393555 8997754.2943147048
83287074813409134995470024704.0000000000 66066778636.7944488525 9475157.9007343724
71173544525128862343997947904.0000000000 58172988205.0641937256 9968401.9740941040
60544349647412820397854294016.0000000000 51096599627.7944793701 10476061.6863920782
51255011060192046810979631104.0000000000 44957936788.5951232910 10999082.3728959635
43177128181400844023738925056.0000000000 39562412669.7902984619 11537058.0929471236
36231362197003455724156616704.0000000000 34687892260.8055267334 12087096.7570935059
30300325129558267859944079360.0000000000 29904244452.0694427490 12646765.7159890644
25281213118414292434705973248.0000000000 25548034027.3029708862 13216080.9796413910
20987792693990354953489612800.0000000000 22167777647.3340492249 13803056.1077598780
17357987241468670753365819392.0000000000 19215135504.5448875427 14412669.3370664883
14311090387805463556967628800.0000000000 16661206367.9461002350 15033597.6189445890
11768171956504245302005334016.0000000000 14358580395.5555744171 15664293.2991797011
9647495293290441570877702144.0000000000 12266992621.7906990051 16302565.2204692233
7906283401839007857792516096.0000000000 10336491316.6537590027 16950488.3702311106
6454130589149961651568508928.0000000000 8838274262.1778278351 17611762.3993146420
5251709405154187372700631040.0000000000 7581258386.4190130234 18295796.2185920924
4265116381405441647337013248.0000000000 6488155518.7583637238 18990935.0782613195
3459829161721435189036449792.0000000000 5508643646.3610677719 19692646.4510984831
2799067607880810078557700096.0000000000 4704925704.5010852814 20400756.1907885484
2258779780618419814552043520.0000000000 4020618103.6738548279 21119668.5726546049
1824401508653842950390808576.0000000000 3371054285.5423240662 21843017.0257047340
1470369112562588688180051968.0000000000 2841638682.1623210907 22567961.0689075440
1182555029426619166050222080.0000000000 2401674356.0266132355 23308293.9594157077
950080431400670696463925248.0000000000 2029159599.1215524673 24058652.3093621992
761633634677886217625796608.0000000000 1727194510.1749746799 24815221.9567951001
609791223331477270755803136.0000000000 1449731545.4618356228 25576908.5317155719
489197213662489878707830784.0000000000 1202449797.3306274414 26335761.3021710329
391817314881450813668982784.0000000000 1004658771.0902631283 27100395.1237965561
313016339304605959350910976.0000000000 850137221.7091227770 27881031.0888545513
249985669909638254893727744.0000000000 714493209.0022368431 28670870.6926137805
199400036270531402002333696.0000000000 603782936.5235059261 29457466.6992413029
158767688511415528886108160.0000000000 513317517.9834185243 30244857.1915127933
126550017457366928489185280.0000000000 430810929.2406616211 31026940.3227646574
100700901245611055895281664.0000000000 364613642.7555770278 31796610.5004931763
80038389978636169666101248.0000000000 306289064.9149980545 32563338.3043881916
63809870269720261031886848.0000000000 253009160.2488544583 33318613.0557610244
50784552145345953172291584.0000000000 211105509.1119921207 34066110.6874683574
40360073897924902684459008.0000000000 177569000.0154263973 34819730.5616317540
32023680146224378835632128.0000000000 150750051.5509674251 35570276.5209921002
25368225192900751500771328.0000000000 128743116.9055338800 36309950.8499396965
20155115353960407191519232.0000000000 107349140.4826485366 37030023.5391662046
15991434803803687726612480.0000000000 90261895.7718051225 37724492.9215836227
12668249537366910832738304.0000000000 76623942.7196822315 38411101.8849528953
10018572098839968756006912.0000000000 65701118.0426906943 39082675.3343780786
7949107029144364329730048.0000000000 54767217.1605668217 39731399.0712064058
6298782520203424902938624.0000000000 46047821.5697274283 40349699.9524851814
4983558648864472515477504.0000000000 39098911.1205461919 40956644.5564109385
3936275255638607175614464.0000000000 33565648.9337578565 41545962.4644919857
3116804224501738494754816.0000000000 28101007.3300849199 42111000.4306309372
2467055591387697090920448.0000000000 23638388.4863033220 42645104.1782623008
1949847805943820670992384.0000000000 20086089.8097976334 43163155.2612940669
1538488068556672445972480.0000000000 17260779.1864588782 43662546.0832160115
1215142410256208342548480.0000000000 14553119.4384396784 44137866.4222147539
961014039134917265195008.0000000000 12244970.7635430768 44583863.1167375147
758911518609952661831680.0000000000 10409352.5565530509 45010161.9708600864
598318053199204994514944.0000000000 8950744.8743436765 45418569.6815634519
471344771600758876405760.0000000000 7602965.3974725064 45804891.3954862356
372868311237132380274688.0000000000 6341681.2208021358 46165159.5088950247
294998990479889728012288.0000000000 5289629.6925336150 46504571.4843041897
233092347085586104844288.0000000000 4453241.5211767489 46831232.8309407830
183906996298911561285632.0000000000 3788724.0583256120 47145453.1110125408
144861845280981080080384.0000000000 3261205.5131472358 47444343.2133604661
113900633506529534803968.0000000000 2842904.8287749826 47725058.7597828135
89480108200240621813760.0000000000 2450771.1542285830 47984998.6258838177
70707690338780117467136.0000000000 2052453.6150947297 48222021.4297767058
55797955094843335114752.0000000000 1736095.3763569018 48440163.7764853835
43964664993769603465216.0000000000 1485013.8679597746 48647864.7962456793
34582056024754320572416.0000000000 1285931.4832198778 48843305.4250452146
27151781482758380978176.0000000000 1128274.1855559060 49024787.6360479444
21276610380918058647552.0000000000 1003613.4352707906 49190869.7415086403
16639545779542781067264.0000000000 905223.1173876362 49340499.6148750857
12987301544258523103232.0000000000 827728.9476514716 49473121.5382947400
10117278386804666400768.0000000000 766832.1271262304 49588733.4873900637
7867328433513198256128.0000000000 719092.1644222646 49687880.6787039936
6107712563257289998336.0000000000 681756.2246177222 49771585.9116613418
4734755114905720848384.0000000000 652624.4933618559 49841232.1946717352
3665796737722295517184.0000000000 629943.0852780123 49898422.5314928442
2835138204920174346240.0000000000 612317.9788538931 49944842.6478185281
2190749573484055625728.0000000000 598645.1906273745 49982146.1068687141
1691583858141253599232.0000000000 588053.7760944855 50011871.6381355748
1305380372928123109376.0000000000 579859.2204985959 50035393.6005692109
1006872559016326201344.0000000000 573525.4121033717 50053900.6173434779
776333229306047758336.0000000000 568633.7748533674 50068394.8955856934
598401437702056443904.0000000000 564858.3766127985 50079704.7273610607
461143045892629987328.0000000000 561945.9960524212 50088503.9962601289
355303461756039266304.0000000000 559700.2670788090 50095334.2552829236
273716813467133607936.0000000000 557969.1425527919 50100626.5495991260
210841232640344326144.0000000000 556635.0338188310 50104721.4077229351
162394915702871326720.0000000000 555607.0885703795 50107886.2890356332
125072122592911048704.0000000000 554815.1648440447 50110330.3169966340
96322191055694741504.0000000000 554205.1420933963 50112216.4325706661
74177978067903873024.0000000000 553735.2810191091 50113671.2504765987
57122914427768315904.0000000000 553373.4027022591 50114792.9525779709
43988128400269836288.0000000000 553094.7057498402 50115657.5501802713
33872926162037325824.0000000000 552880.0790303038 50116323.8172308877
26083379509629095936.0000000000 552714.7986132337 50116837.1557165235
20084929638643437568.0000000000 552587.5221052812 50117232.6120533943
15465827245956628480.0000000000 552489.5129137301 50117537.2236321718
11908942834344198144.0000000000 552414.0421109665 50117771.8399289846
9170037707874246656.0000000000 552355.9273833940 50117952.5332620889
7061019006325448704.0000000000 552311.1777328488 50118091.6901331246
5437037984885061632.0000000000 552276.7197248910 50118198.8545674011
4186550882349051904.0000000000 552250.1865979875 50118281.3792729899
3223662936462033408.0000000000 552229.7558170463 50118344.9280944318
2482231582708878336.0000000000 552214.0239537111 50118393.8635321632
1911324912965202176.0000000000 552201.9103228808 50118431.5455063283
1471724092851560960.0000000000 552192.5827701830 50118460.5616268069
1133229869711491072.0000000000 552185.4005208337 50118482.9046327323
872588374173027584.0000000000 552179.8701688105 50118500.1090989932
671893863062854144.0000000000 552175.6117858802 50118513.3567465469
517358757747247872.0000000000 552172.3328239843 50118523.5575588048
398366529950432704.0000000000 552169.8080191509 50118531.4122575521
306742397919908160.0000000000 552167.8639169545 50118537.4604190513
236191747107678528.0000000000 552166.3669567961 50118542.1175291762
181867704983712352.0000000000 552165.2142966043 50118545.7035192549
140038168240095264.0000000000 552164.3267477406 50118548.4647406712
107829410535143952.0000000000 552163.6433348099 50118550.5908865333
83028658557213840.0000000000 552163.1171066719 50118552.2280220315
63932074467795712.0000000000 552162.7119108983 50118553.4886182547
49227701715062776.0000000000 552162.3999100886 50118554.4592784643
37905332914454928.0000000000 552162.1596694277 50118555.2066874877
29187107882028804.0000000000 552161.9746840962 50118555.7821928337
22474073980982632.0000000000 552161.8322453776 50118556.2253321856
17305037505975168.0000000000 552161.7225675564 50118556.5665496215
13324879200133702.0000000000 552161.6381156296 50118556.8292871267
10260157174146902.0000000000 552161.5730876430 50118557.0315950587
7900321136770192.0000000000 552161.5230160918 50118557.1873721927
6083247342119295.0000000000 552161.4844609963 50118557.3073206022
4684100493041285.0000000000 552161.4547735723 50118557.3996808901
3606757403126221.0000000000 552161.4319142554 50118557.4707983136
2777203214331110.5000000000 552161.4143125812 50118557.5255587325
2138446483290448.0000000000 552161.4007592920 50118557.5677242577
1646603797028326.7500000000 552161.3903232592 50118557.6001917124
1267884926613868.5000000000 552161.3822875139 50118557.6251916587
976271395213308.3750000000 552161.3760999900 50118557.6444416121
751728975334408.7500000000 552161.3713355965 50118557.6592640802
578831311612348.3750000000 552161.3676670135 50118557.6706773788
445700110300125.9375000000 552161.3648422047 50118557.6794656217
343189085143721.4375000000 552161.3626671019 50118557.6862325668
264255595686730.5312500000 552161.3609922727 50118557.6914431155
203476808753526.4687500000 552161.3597026542 50118557.6954552382
156677142784531.0625000000 552161.3587096480 50118557.6985445693
120641399970363.7031250000 552161.3579450331 50118557.7009233534
92893877992758.3593750000 552161.3573562799 50118557.7027550191
71528286063660.3281250000 552161.3569029397 50118557.7041653991
55076780274494.7031250000 552161.3565538679 50118557.7052513957
42409120814607.7890625000 552161.3562850824 50118557.7060876116
32655023029173.0625000000 552161.3560781177 50118557.7067314982
25144367733604.6289062500 552161.3559187548 50118557.7072272897
19361163155552.2812500000 552161.3557960456 50118557.7076090500
14908095630176.4843750000 552161.3557015593 50118557.7079030052
11479233635473.7792968750 552161.3556288050 50118557.7081293538
8839009899455.8554687500 552161.3555727841 50118557.7083036378
6806037622664.6328125000 552161.3555296480 50118557.7084378377
5240648969501.3486328125 552161.3554964331 50118557.7085411698
4035299706545.4355468750 552161.3554708578 50118557.7086207345
3107180774057.4150390625 552161.3554511648 50118557.7086820006
2392529196034.5434570312 552161.3554360011 50118557.7087291777
1842247480952.7250976562 552161.3554243251 50118557.7087654993
1418530560337.2309570312 552161.3554153346 50118557.7087934688
1092268531461.8217773438 552161.3554084119 50118557.7088150084
841046769226.8797607422 552161.3554030814 50118557.7088315934
647606012305.4545898438 552161.3553989769 50118557.7088443637
498656629475.6489257812 552161.3553958165 50118557.7088541985
383965604696.5158081055 552161.3553933830 50118557.7088617682
295653515616.4749755859 552161.3553915091 50118557.7088675946
227653207024.7792968750 552161.3553900663 50118557.7088720798
175292969409.1355285645 552161.3553889552 50118557.7088755369
134975586445.0672607422 552161.3553880998 50118557.7088781968
103931201562.7212829590 552161.3553874411 50118557.7088802457
80027025203.3069458008 552161.3553869339 50118557.7088818252
61620809406.5532073975 552161.3553865433 50118557.7088830397
47448023243.0500335693 552161.3553862425 50118557.7088839784
36534977897.1509323120 552161.3553860111 50118557.7088847011
28131932980.8076477051 552161.3553858327 50118557.7088852525
21661588395.2227325439 552161.3553856956 50118557.7088856772
16679423064.3220062256 552161.3553855899 50118557.7088860050
12843155759.5282440186 552161.3553855084 50118557.7088862583
9889229934.8369255066 552161.3553854458 50118557.7088864520
7614707049.8245372772 552161.3553853973 50118557.7088866010
5863324428.3649549484 552161.3553853603 50118557.7088867202
4514759809.8410520554 552161.3553853317 50118557.7088868096
3476365053.5776319504 552161.3553853097 50118557.7088868767
2676801091.2547893524 552161.3553852927 50118557.7088869289
2061136840.2661952972 552161.3553852795 50118557.7088869661
1587075367.0049748421 552161.3553852695 50118557.7088869959
1222048032.5938332081 552161.3553852618 50118557.7088870183
940976985.0972530842 552161.3553852558 50118557.7088870332
724552278.5248857737 552161.3553852513 50118557.7088870481
557905254.4641625881 552161.3553852476 50118557.7088870555
429587045.9374054670 552161.3553852449 50118557.7088870630
330782025.3718023896 552161.3553852430 50118557.7088870704
254702159.5362879634 552161.3553852413 50118557.7088870779
196120662.8429417908 552161.3553852401 50118557.7088870853
151012910.3890652061 552161.3553852390 50118557.7088870853
116279940.9995802343 552161.3553852383 50118557.7088870853
89535554.5696767867 552161.3553852377 50118557.7088870853
68942377.0186511278 552161.3553852374 50118557.7088870853
53085630.3043613732 552161.3553852370 50118557.7088870853
40875935.3343582600 552161.3553852367 50118557.7088870853
31474470.2074558586 552161.3553852366 50118557.7088870853
24235342.0597410128 552161.3553852364 50118557.7088870853
18661213.3860005811 552161.3553852362 50118557.7088870853
14369134.3072204478 552161.3553852362 50118557.7088870853
11064233.4165597446 552161.3553852362 50118557.7088870853
8519459.7307510041 552161.3553852360 50118557.7088870853
6559983.9926782735 552161.3553852360 50118557.7088870853
5051187.6743622702 552161.3553852360 50118557.7088870853
3889414.5092589483 552161.3553852360 50118557.7088870853
2994849.1721293898 552161.3553852360 50118557.7088870853
2306033.8625396299 552161.3553852360 50118557.7088870853
1775646.0741555151 552161.3553852359 50118557.7088870853
1367247.4770997465 552161.3553852359 50118557.7088870853
1052780.5573668047 552161.3553852359 50118557.7088870853
810641.0291724396 552161.3553852359 50118557.7088870853
624193.5924627784 552161.3553852359 50118557.7088870853
480629.0661963393 552161.3553852359 50118557.7088870853
370084.3809711813 552161.3553852359 50118557.7088870853
284964.9733478096 552161.3553852359 50118557.7088870853
219423.0294778133 552161.3553852359 50118557.7088870853
168955.7326979163 552161.3553852359 50118557.7088870853
130095.9141773955 552161.3553852359 50118557.7088870853
100173.8539165946 552161.3553852359 50118557.7088870853
77133.8675157778 552161.3553852359 50118557.7088870853
59393.0779871489 552161.3553852359 50118557.7088870853
45732.6700501047 552161.3553852359 50118557.7088870853
35214.1559385806 552161.3553852359 50118557.7088870853
27114.9000727071 552161.3553852359 50118557.7088870853
20878.4730559844 552161.3553852359 50118557.7088870853
16076.4242531080 552161.3553852359 50118557.7088870853
12378.8466748932 552161.3553852359 50118557.7088870853
9531.7119396677 552161.3553852359 50118557.7088870853
7339.4181935442 552161.3553852359 50118557.7088870853
5651.3520090290 552161.3553852359 50118557.7088870853
4351.5410469523 552161.3553852359 50118557.7088870853
3350.6866061533 552161.3553852359 50118557.7088870853
2580.0286867380 552161.3553852359 50118557.7088870853
1986.6220887883 552161.3553852359 50118557.7088870853
1529.6990083670 552161.3553852359 50118557.7088870853
1177.8682364426 552161.3553852359 50118557.7088870853
906.9585420608 552161.3553852359 50118557.7088870853
698.3580773868 552161.3553852359 50118557.7088870853
537.7357195878 552161.3553852359 50118557.7088870853
414.0565040826 552161.3553852359 50118557.7088870853
318.8235081436 552161.3553852359 50118557.7088870853
245.4941012706 552161.3553852359 50118557.7088870853
189.0304579784 552161.3553852359 50118557.7088870853
145.5534526433 552161.3553852359 50118557.7088870853
112.0761585354 552161.3553852359 50118557.7088870853
86.2986420722 552161.3553852359 50118557.7088870853
66.4499543956 552161.3553852359 50118557.7088870853
51.1664648846 552161.3553852359 50118557.7088870853
39.3981779612 552161.3553852359 50118557.7088870853
30.3365970301 552161.3553852359 50118557.7088870853
23.3591797132 552161.3553852359 50118557.7088870853
17.9865683791 552161.3553852359 50118557.7088870853
13.8496576519 552161.3553852359 50118557.7088870853
10.6642363920 552161.3553852359 50118557.7088870853
8.2114620218 552161.3553852359 50118557.7088870853
6.3228257568 552161.3553852359 50118557.7088870853
4.8685758327 552161.3553852359 50118557.7088870853
3.7488033912 552161.3553852359 50118557.7088870853
2.8865786112 552161.3553852359 50118557.7088870853
2.2226655307 552161.3553852359 50118557.7088870853
1.7114524586 552161.3553852359 50118557.7088870853
1.3178183931 552161.3553852359 50118557.7088870853
1.0147201627 552161.3553852359 50118557.7088870853
0.7813345253 552161.3553852359 50118557.7088870853
0.6016275845 552161.3553852359 50118557.7088870853
0.4632532400 552161.3553852359 50118557.7088870853
0.3567049948 552161.3553852359 50118557.7088870853
0.2746628460 552161.3553852359 50118557.7088870853
0.2114903914 552161.3553852359 50118557.7088870853
0.1628476014 552161.3553852359 50118557.7088870853
0.1253926531 552161.3553852359 50118557.7088870853
0.0965523429 552161.3553852359 50118557.7088870853
0.0743453040 552161.3553852359 50118557.7088870853
0.0572458841 552161.3553852359 50118557.7088870853
0.0440793307 552161.3553852359 50118557.7088870853
0.0339410847 552161.3553852359 50118557.7088870853
0.0261346352 552161.3553852359 50118557.7088870853
0.0201236691 552161.3553852359 50118557.7088870853
0.0154952252 552161.3553852359 50118557.7088870853
0.0119313234 552161.3553852359 50118557.7088870853
0.0091871190 552161.3553852359 50118557.7088870853
0.0070740817 552161.3553852359 50118557.7088870853
0.0054470429 552161.3553852359 50118557.7088870853
0.0041942230 552161.3553852359 50118557.7088870853
0.0032295517 552161.3553852359 50118557.7088870853
0.0024867548 552161.3553852359 50118557.7088870853
0.0019148012 552161.3553852359 50118557.7088870853
0.0014743969 552161.3553852359 50118557.7088870853
0.0011352856 552161.3553852359 50118557.7088870853
0.0008741699 552161.3553852359 50118557.7088870853
0.0006731109 552161.3553852359 50118557.7088870853
0.0005182954 552161.3553852359 50118557.7088870853
0.0003990874 552161.3553852359 50118557.7088870853
0.0003072973 552161.3553852359 50118557.7088870853
0.0002366189 552161.3553852359 50118557.7088870853
0.0001821966 552161.3553852359 50118557.7088870853
0.0001402914 552161.3553852359 50118557.7088870853
0.0001080244 552161.3553852359 50118557.7088870853
0.0000831788 552161.3553852359 50118557.7088870853
0.0000640476 552161.3553852359 50118557.7088870853
0.0000493167 552161.3553852359 50118557.7088870853
0.0000379738 552161.3553852359 50118557.7088870853
0.0000292399 552161.3553852359 50118557.7088870853
0.0000225147 552161.3553852359 50118557.7088870853
0.0000173363 552161.3553852359 50118557.7088870853
0.0000133490 552161.3553852359 50118557.7088870853
0.0000102787 552161.3553852359 50118557.7088870853
0.0000079146 552161.3553852359 50118557.7088870853
0.0000060942 552161.3553852359 50118557.7088870853
0.0000046926 552161.3553852359 50118557.7088870853
0.0000036133 552161.3553852359 50118557.7088870853
0.0000027822 552161.3553852359 50118557.7088870853
0.0000021423 552161.3553852359 50118557.7088870853
0.0000016496 552161.3553852359 50118557.7088870853
0.0000012702 552161.3553852359 50118557.7088870853
0.0000009780 552161.3553852359 50118557.7088870853
0.0000007531 552161.3553852359 50118557.7088870853
0.0000005799 552161.3553852359 50118557.7088870853
0.0000004465 552161.3553852359 50118557.7088870853
0.0000003438 552161.3553852359 50118557.7088870853
0.0000002647 552161.3553852359 50118557.7088870853
0.0000002038 552161.3553852359 50118557.7088870853
0.0000001570 552161.3553852359 50118557.7088870853
0.0000001209 552161.3553852359 50118557.7088870853
0.0000000931 552161.3553852359 50118557.7088870853
0.0000000717 552161.3553852359 50118557.7088870853
0.0000000552 552161.3553852359 50118557.7088870853
0.0000000425 552161.3553852359 50118557.7088870853
0.0000000327 552161.3553852359 50118557.7088870853
0.0000000252 552161.3553852359 50118557.7088870853
0.0000000194 552161.3553852359 50118557.7088870853
0.0000000149 552161.3553852359 50118557.7088870853
0.0000000115 552161.3553852359 50118557.7088870853
0.0000000089 552161.3553852359 50118557.7088870853
