1550605294825511413033277063168.0000000000 1500000000000.0000000000 0.0000000000
1550605294825511413033277063168.0000000000 1500000000000.0000000000 0.0000000000
1550605294825511413033277063168.0000000000 1500000000000.0000000000 0.0000000000
1550605294825511413033277063168.0000000000 1500000000000.0000000000 0.0000000000
1550605294825511413033277063168.0000000000 1500000000000.0000000000 0.0000000000
1550605294825511413033277063168.0000000000 1500000000000.0000000000 0.0000000000
1550605294825511413033277063168.0000000000 1500000000000.0000000000 0.0000000000
1550605294825511413033277063168.0000000000 1500000000000.0000000000 0.0000000000
1550605294825511413033277063168.0000000000 1500000000000.0000000000 0.0000000000
1550605294825511413033277063168.0000000000 1500000000000.0000000000 0.0000000000
1550605294825511413033277063168.0000000000 1500000000000.0000000000 0.0000000000
1550605294825511413033277063168.0000000000 1500000000000.0000000000 0.0000000000
1550605294825511413033277063168.0000000000 1500000000000.0000000000 0.0000000000
1550605294825511413033277063168.0000000000 1500000000000.0000000000 0.0000000000
1550605294825511413033277063168.0000000000 1500000000000.0000000000 0.0000000000
1550605294825511413033277063168.0000000000 1500000000000.0000000000 0.0000000000
1550605294825511413033277063168.0000000000 1500000000000.0000000000 0.0000000000
1550605294825511413033277063168.0000000000 1500000000000.0000000000 0.0000000000
1550605294825511413033277063168.0000000000 1500000000000.0000000000 0.0000000000
1550605294825511413033277063168.0000000000 1500000000000.0000000000 0.0000000000
1550605294825511413033277063168.0000000000 1500000000000.0000000000 0.0000000000
1550605294825511413033277063168.0000000000 1500000000000.0000000000 0.0000000000
1550605294825511413033277063168.0000000000 1500000000000.0000000000 0.0000000000
1550605294825511413033277063168.0000000000 1500000000000.0000000000 0.0000000000
1550605294825511413033277063168.0000000000 1500000000000.0000000000 0.0000000000
1550605294825511413033277063168.0000000000 1500000000000.0000000000 0.0000000000
1550605294825511413033277063168.0000000000 1500000000000.0000000000 0.0000000000
1550605294825511413033277063168.0000000000 1500000000000.0000000000 0.0000000000
1550605294825511413033277063168.0000000000 1500000000000.0000000000 0.0000000000
1550605294825511413033277063168.0000000000 1500000000000.0000000000 0.0000000000
1550605294825511413033277063168.0000000000 1500000000000.0000000000 0.0000000000
1550605294825511413033277063168.0000000000 1500000000000.0000000000 0.0000000000
1550605294825511413033277063168.0000000000 1500000000000.0000000000 0.0000000000
1550605294825511413033277063168.0000000000 1500000000000.0000000000 0.0000000000
1550605294825511413033277063168.0000000000 1500000000000.0000000000 0.0000000000
1550605294825511413033277063168.0000000000 1500000000000.0000000000 0.0000000000
1550605294825511413033277063168.0000000000 1500000000000.0000000000 0.0000000000
1550605294825511413033277063168.0000000000 1500000000000.0000000000 0.0000000000
1550605294825511413033277063168.0000000000 1500000000000.0000000000 0.0000000000
1550605294825511413033277063168.0000000000 1500000000000.0000000000 0.0000000000
1550605294825511413033277063168.0000000000 1500000000000.0000000000 0.0000000000
1550605294825511413033277063168.0000000000 1500000000000.0000000000 0.0000000000
1550605294825511413033277063168.0000000000 1500000000000.0000000000 0.0000000000
1550605294825511413033277063168.0000000000 1500000000000.0000000000 0.0000000000
1550605294825511413033277063168.0000000000 1500000000000.0000000000 0.0000000000
1550605294825511413033277063168.0000000000 1500000000000.0000000000 0.0000000000
1550605294825511413033277063168.0000000000 1500000000000.0000000000 0.0000000000
1550605294825511413033277063168.0000000000 1500000000000.0000000000 0.0000000000
1550605294825511413033277063168.0000000000 1500000000000.0000000000 0.0000000000
1550605294825511413033277063168.0000000000 1500000000000.0000000000 0.0000000000
1550605294825511413033277063168.0000000000 1500000000000.0000000000 0.0000000000
1550605294825511413033277063168.0000000000 1500000000000.0000000000 0.0000000000
1550605294825511413033277063168.0000000000 1500000000000.0000000000 0.0000000000
1550605294825511413033277063168.0000000000 1500000000000.0000000000 0.0000000000
1550605294825511413033277063168.0000000000 1500000000000.0000000000 0.0000000000
1550605294825511413033277063168.0000000000 1500000000000.0000000000 0.0000000000
1550605294825511413033277063168.0000000000 1500000000000.0000000000 0.0000000000
1550605294825511413033277063168.0000000000 1500000000000.0000000000 0.0000000000
1550605294825511413033277063168.0000000000 1500000000000.0000000000 0.0000000000
1550605294825511413033277063168.0000000000 1500000000000.0000000000 0.0000000000
1550605294825511413033277063168.0000000000 1500000000000.0000000000 0.0000000000
1550605294825511413033277063168.0000000000 1500000000000.0000000000 0.0000000000
1550605294825511413033277063168.0000000000 1500000000000.0000000000 0.0000000000
1550605294825511413033277063168.0000000000 1500000000000.0000000000 0.0000000000
1550605294825511413033277063168.0000000000 1500000000000.0000000000 0.0000000000
1550605294825511413033277063168.0000000000 1500000000000.0000000000 0.0000000000
1550605294825511413033277063168.0000000000 1500000000000.0000000000 0.0000000000
1550605294825511413033277063168.0000000000 1500000000000.0000000000 0.0000000000
1550605294825511413033277063168.0000000000 1500000000000.0000000000 0.0000000000
1550605294825511413033277063168.0000000000 1500000000000.0000000000 0.0000000000
1550605294825511413033277063168.0000000000 1500000000000.0000000000 0.0000000000
1550605294825511413033277063168.0000000000 1500000000000.0000000000 0.0000000000
1550605294825511413033277063168.0000000000 1500000000000.0000000000 0.0000000000
1550605294825511413033277063168.0000000000 1500000000000.0000000000 0.0000000000
1550605294825511413033277063168.0000000000 1500000000000.0000000000 0.0000000000
1550605294825511413033277063168.0000000000 1500000000000.0000000000 0.0000000000
1550605294825511413033277063168.0000000000 1500000000000.0000000000 0.0000000000
1550605294825511413033277063168.0000000000 1500000000000.0000000000 0.0000000000
1550605294825511413033277063168.0000000000 1500000000000.0000000000 0.0000000000
1550605294825511413033277063168.0000000000 1500000000000.0000000000 0.0000000000
1550605294825511413033277063168.0000000000 1500000000000.0000000000 0.0000000000
1550605294825511413033277063168.0000000000 1500000000000.0000000000 0.0000000000
1550605294825511413033277063168.0000000000 1500000000000.0000000000 0.0000000000
1550605294825511413033277063168.0000000000 1500000000000.0000000000 0.0000000000
1550605294825511413033277063168.0000000000 1500000000000.0000000000 0.0000000000
1550605294825511413033277063168.0000000000 1500000000000.0000000000 0.0000000000
1550605294825511413033277063168.0000000000 1500000000000.0000000000 0.0000000000
1550605294825511413033277063168.0000000000 1500000000000.0000000000 0.0000000000
1550605294825511413033277063168.0000000000 1500000000000.0000000000 0.0000000000
1550605294825511413033277063168.0000000000 1500000000000.0000000000 0.0000000000
1550605294825511413033277063168.0000000000 1500000000000.0000000000 0.0000000000
1550605294825511413033277063168.0000000000 1500000000000.0000000000 0.0000000000
1550605294825511413033277063168.0000000000 1500000000000.0000000000 0.0000000000
1550605294825511413033277063168.0000000000 1500000000000.0000000000 0.0000000000
1550605294825511413033277063168.0000000000 1500000000000.0000000000 0.0000000000
1550605294825511413033277063168.0000000000 1500000000000.0000000000 0.0000000000
1550605294825511413033277063168.0000000000 1500000000000.0000000000 0.0000000000
1550605294825511413033277063168.0000000000 1500000000000.0000000000 0.0000000000
1550605294825511413033277063168.0000000000 1500000000000.0000000000 0.0000000000
1550605294825511413033277063168.0000000000 1500000000000.0000000000 0.0000000000
1550605294825511413033277063168.0000000000 1500000000000.0000000000 0.0000000000
1550605294825511413033277063168.0000000000 1500000000000.0000000000 0.0000000000
1550605294825511413033277063168.0000000000 1500000000000.0000000000 0.0000000000
1550605294825511413033277063168.0000000000 1500000000000.0000000000 0.0000000000
1550605294825511413033277063168.0000000000 1500000000000.0000000000 0.0000000000
1550605294825511413033277063168.0000000000 1500000000000.0000000000 0.0000000000
1550605294825511413033277063168.0000000000 1500000000000.0000000000 0.0000000000
1550605294825511413033277063168.0000000000 1500000000000.0000000000 0.0000000000
1550605294825511413033277063168.0000000000 1500000000000.0000000000 0.0000000000
1550605294825511413033277063168.0000000000 1500000000000.0000000000 0.0000000000
1550605294825511413033277063168.0000000000 1500000000000.0000000000 0.0000000000
1550605294825511413033277063168.0000000000 1500000000000.0000000000 0.0000000000
1550605294825511413033277063168.0000000000 1500000000000.0000000000 0.0000000000
1550605294825511413033277063168.0000000000 1500000000000.0000000000 0.0000000000
1550605294825511413033277063168.0000000000 1500000000000.0000000000 0.0000000000
1550605294825511413033277063168.0000000000 1500000000000.0000000000 0.0000000000
1550605294825511413033277063168.0000000000 1500000000000.0000000000 0.0000000000
1550605294825511413033277063168.0000000000 1500000000000.0000000000 0.0000000000
1550605294825511413033277063168.0000000000 1500000000000.0000000000 0.0000000000
1550605294825511413033277063168.0000000000 1500000000000.0000000000 0.0000000000
1550605294825511413033277063168.0000000000 1500000000000.0000000000 0.0000000000
1550605294825511413033277063168.0000000000 1500000000000.0000000000 0.0000000000
1550605294825511413033277063168.0000000000 1500000000000.0000000000 0.0000000000
1550605294825511413033277063168.0000000000 1500000000000.0000000000 0.0000000000
1550605294825511413033277063168.0000000000 1500000000000.0000000000 0.0000000000
1550605294825511413033277063168.0000000000 1500000000000.0000000000 0.0000000000
1550605294825511413033277063168.0000000000 1500000000000.0000000000 0.0000000000
1550605294825511413033277063168.0000000000 1500000000000.0000000000 0.0000000000
1550605294825511413033277063168.0000000000 1500000000000.0000000000 0.0000000000
1550605294825511413033277063168.0000000000 1500000000000.0000000000 0.0000000000
1550605294825511413033277063168.0000000000 1500000000000.0000000000 0.0000000000
1550605294825511413033277063168.0000000000 1500000000000.0000000000 0.0000000000
1550605294825511413033277063168.0000000000 1500000000000.0000000000 0.0000000000
1550605294825511413033277063168.0000000000 1500000000000.0000000000 0.0000000000
1550605294825511413033277063168.0000000000 1500000000000.0000000000 0.0000000000
1550605294825511413033277063168.0000000000 1500000000000.0000000000 0.0000000000
1550605294825511413033277063168.0000000000 1500000000000.0000000000 0.0000000000
1550605294825511413033277063168.0000000000 1500000000000.0000000000 0.0000000000
1550605294825511413033277063168.0000000000 1500000000000.0000000000 0.0000000000
1550605294825511413033277063168.0000000000 1500000000000.0000000000 0.0000000000
1550605294825511413033277063168.0000000000 1500000000000.0000000000 0.0000000000
1550605294825511413033277063168.0000000000 1500000000000.0000000000 0.0000000000
1550605294825511413033277063168.0000000000 1500000000000.0000000000 0.0000000000
1550605294825511413033277063168.0000000000 1500000000000.0000000000 0.0000000000
1550605294825511413033277063168.0000000000 1500000000000.0000000000 0.0000000000
1550605294825511413033277063168.0000000000 1500000000000.0000000000 0.0000000000
1550605294825511413033277063168.0000000000 1500000000000.0000000000 0.0000000000
1550605294825511413033277063168.0000000000 1500000000000.0000000000 0.0000000000
1550605294825511413033277063168.0000000000 1500000000000.0000000000 0.0000000000
1550605294825511413033277063168.0000000000 1500000000000.0000000000 0.0000000000
1550605294825511413033277063168.0000000000 1500000000000.0000000000 0.0000000000
1550605294825511413033277063168.0000000000 1500000000000.0000000000 0.0000000000
1550605294825511413033277063168.0000000000 1500000000000.0000000000 0.0000000000
1550605294825511413033277063168.0000000000 1500000000000.0000000000 0.0000000000
1550605294825511413033277063168.0000000000 1500000000000.0000000000 0.0000000000
1550605294825511413033277063168.0000000000 1500000000000.0000000000 0.0000000000
1550605294825511413033277063168.0000000000 1500000000000.0000000000 0.0000000000
1550605294825511413033277063168.0000000000 1500000000000.0000000000 0.0000000000
1550605294825511413033277063168.0000000000 1500000000000.0000000000 0.0000000000
1550605294825511413033277063168.0000000000 1500000000000.0000000000 0.0000000000
1550605294825511413033277063168.0000000000 1500000000000.0000000000 0.0000000000
1550605294825511413033277063168.0000000000 1500000000000.0000000000 0.0000000000
1550605294825511413033277063168.0000000000 1500000000000.0000000000 0.0000000000
1550605294825511413033277063168.0000000000 1500000000000.0000000000 0.0000000000
1550605294825511413033277063168.0000000000 1500000000000.0000000000 0.0000000000
1550605294825511413033277063168.0000000000 1500000000000.0000000000 0.0000000000
1550605294825511413033277063168.0000000000 1500000000000.0000000000 0.0000000000
1550605294825511413033277063168.0000000000 1500000000000.0000000000 0.0000000000
1550605294825511413033277063168.0000000000 1500000000000.0000000000 0.0000000000
1550605294825511413033277063168.0000000000 1500000000000.0000000000 0.0000000000
1550605294825511413033277063168.0000000000 1500000000000.0000000000 0.0000000000
1550605294825511413033277063168.0000000000 1500000000000.0000000000 0.0000000000
1550605294825511413033277063168.0000000000 1500000000000.0000000000 0.0000000000
1550605294825511413033277063168.0000000000 1500000000000.0000000000 0.0000000000
1550605294825511413033277063168.0000000000 1500000000000.0000000000 0.0000000000
1550605294825511413033277063168.0000000000 1500000000000.0000000000 0.0000000000
1550605294825511413033277063168.0000000000 1500000000000.0000000000 0.0000000000
1550605294825511413033277063168.0000000000 1500000000000.0000000000 0.0000000000
1550605294825511413033277063168.0000000000 1500000000000.0000000000 0.0000000000
1550605294825511413033277063168.0000000000 1500000000000.0000000000 0.0000000000
1550605294825511413033277063168.0000000000 1500000000000.0000000000 0.0000000000
1550605294825511413033277063168.0000000000 1500000000000.0000000000 0.0000000000
1550605294825511413033277063168.0000000000 1500000000000.0000000000 0.0000000000
1550605294825511413033277063168.0000000000 1500000000000.0000000000 0.0000000000
1550605294825511413033277063168.0000000000 1500000000000.0000000000 0.0000000000
1550605294825511413033277063168.0000000000 1500000000000.0000000000 0.0000000000
1550605294825511413033277063168.0000000000 1500000000000.0000000000 0.0000000000
1550605294825511413033277063168.0000000000 1500000000000.0000000000 0.0000000000
1550605294825511413033277063168.0000000000 1500000000000.0000000000 0.0000000000
1550605294825511413033277063168.0000000000 1500000000000.0000000000 0.0000000000
1550605294825511413033277063168.0000000000 1500000000000.0000000000 0.0000000000
1550605294825511413033277063168.0000000000 1500000000000.0000000000 0.0000000000
1550605294825511413033277063168.0000000000 1500000000000.0000000000 0.0000000000
1550605294825511413033277063168.0000000000 1500000000000.0000000000 0.0000000000
1550605294825511413033277063168.0000000000 1500000000000.0000000000 0.0000000000
1550605294825511413033277063168.0000000000 1500000000000.0000000000 0.0000000000
1550605294825511413033277063168.0000000000 1500000000000.0000000000 0.0000000000
1550605294825511413033277063168.0000000000 1500000000000.0000000000 0.0000000000
1550605294825511413033277063168.0000000000 1500000000000.0000000000 0.0000000000
1550605294825511413033277063168.0000000000 1500000000000.0000000000 0.0000000000
1550605294825511413033277063168.0000000000 1500000000000.0000000000 0.0000000000
1550605294825511413033277063168.0000000000 1500000000000.0000000000 0.0000000000
1550605294825511413033277063168.0000000000 1500000000000.0000000000 0.0000000000
1550605294825511413033277063168.0000000000 1500000000000.0000000000 0.0000000000
1550605294825511413033277063168.0000000000 1500000000000.0000000000 0.0000000000
1550605294825511413033277063168.0000000000 1500000000000.0000000000 0.0000000000
1550605294825511413033277063168.0000000000 1500000000000.0000000000 0.0000000000
1550605294825511413033277063168.0000000000 1500000000000.0000000000 0.0000000000
1550605294825511413033277063168.0000000000 1500000000000.0000000000 0.0000000000
1550605294825511413033277063168.0000000000 1500000000000.0000000000 0.0000000000
1550605294825511413033277063168.0000000000 1500000000000.0000000000 0.0000000000
1550605294825511413033277063168.0000000000 1500000000000.0000000000 0.0000000000
1550605294825511413033277063168.0000000000 1500000000000.0000000000 0.0000000000
1550605294825511413033277063168.0000000000 1500000000000.0000000000 0.0000000000
1550605294825511413033277063168.0000000000 1500000000000.0000000000 0.0000000000
1550605294825511413033277063168.0000000000 1500000000000.0000000000 0.0000000000
1550605294825511413033277063168.0000000000 1500000000000.0000000000 0.0000000000
1550605294825511413033277063168.0000000000 1500000000000.0000000000 0.0000000000
1550605294825511413033277063168.0000000000 1500000000000.0000000000 0.0000000000
1550605294825511413033277063168.0000000000 1500000000000.0000000000 0.0000000000
1550605294825511413033277063168.0000000000 1500000000000.0000000000 0.0000000000
1550605294825511413033277063168.0000000000 1500000000000.0000000000 0.0000000000
1550605294825511413033277063168.0000000000 1500000000000.0000000000 0.0000000000
1550605294825511413033277063168.0000000000 1500000000000.0000000000 0.0000000000
1550605294825511413033277063168.0000000000 1500000000000.0000000000 0.0000000000
1550605294825511413033277063168.0000000000 1500000000000.0000000000 0.0000000000
1550605294825511413033277063168.0000000000 1500000000000.0000000000 0.0000000000
1550605294825511413033277063168.0000000000 1500000000000.0000000000 0.0000000000
1550605294825511413033277063168.0000000000 1500000000000.0000000000 0.0000000000
1550605294825511413033277063168.0000000000 1500000000000.0000000000 0.0000000000
1550605294825511413033277063168.0000000000 1500000000000.0000000000 0.0000000000
1550605294825511413033277063168.0000000000 1500000000000.0000000000 0.0000000000
1550605294825511413033277063168.0000000000 1500000000000.0000000000 0.0000000000
1550605294825511413033277063168.0000000000 1500000000000.0000000000 0.0000000000
1550605294825511413033277063168.0000000000 1500000000000.0000000000 0.0000000000
1550605294825511413033277063168.0000000000 1500000000000.0000000000 0.0000000000
1550605294825511413033277063168.0000000000 1500000000000.0000000000 0.0000000000
1550605294825511413033277063168.0000000000 1500000000000.0000000000 0.0000000000
1550605294825511413033277063168.0000000000 1500000000000.0000000000 0.0000000000
1550605294825511413033277063168.0000000000 1500000000000.0000000000 0.0000000000
1550605294825511413033277063168.0000000000 1500000000000.0000000000 0.0000000000
1550605294825511413033277063168.0000000000 1500000000000.0000000000 0.0000000000
1550605294825511413033277063168.0000000000 1500000000000.0000000000 0.0000000000
1550605294825511413033277063168.0000000000 1500000000000.0000000000 0.0000000000
1550605294825511413033277063168.0000000000 1500000000000.0000000000 0.0000000000
1550605294825511413033277063168.0000000000 1500000000000.0000000000 0.0000000000
1550605294825511413033277063168.0000000000 1500000000000.0000000000 0.0000000000
1550605294825511413033277063168.0000000000 1500000000000.0000000000 0.0000000000
1550605294825511413033277063168.0000000000 1500000000000.0000000000 0.0000000000
1550605294825511413033277063168.0000000000 1500000000000.0000000000 0.0000000000
1550605294825511413033277063168.0000000000 1500000000000.0000000000 0.0000000000
1550605294825511413033277063168.0000000000 1500000000000.0000000000 0.0000000000
1550605294825511413033277063168.0000000000 1500000000000.0000000000 0.0000000000
1550605294825511413033277063168.0000000000 1500000000000.0000000000 0.0000000000
1550605294825511413033277063168.0000000000 1500000000000.0000000000 0.0000000000
1550605294825511413033277063168.0000000000 1500000000000.0000000000 0.0000000000
1550605294825511413033277063168.0000000000 1500000000000.0000000000 0.0000000000
1550605294825511413033277063168.0000000000 1500000000000.0000000000 0.0000000000
1550605294825511413033277063168.0000000000 1500000000000.0000000000 0.0000000000
1550605294825511413033277063168.0000000000 1500000000000.0000000000 0.0000000000
1550605294825511413033277063168.0000000000 1500000000000.0000000000 0.0000000000
1550605294825511413033277063168.0000000000 1500000000000.0000000000 0.0000000000
1550605294825511413033277063168.0000000000 1500000000000.0000000000 0.0000000000
1550605294825511413033277063168.0000000000 1500000000000.0000000000 0.0000000000
1550605294825511413033277063168.0000000000 1500000000000.0000000000 0.0000000000
1550605294825511413033277063168.0000000000 1500000000000.0000000000 0.0000000000
1550605294825511413033277063168.0000000000 1500000000000.0000000000 0.0000000000
1550605294825511413033277063168.0000000000 1500000000000.0000000000 0.0000000000
1550605294825511413033277063168.0000000000 1500000000000.0000000000 0.0000000000
1550605294825511413033277063168.0000000000 1500000000000.0000000000 0.0000000000
1550605294825511413033277063168.0000000000 1500000000000.0000000000 0.0000000000
1550605294825511413033277063168.0000000000 1500000000000.0000000000 0.0000000000
1550605294825511413033277063168.0000000000 1500000000000.0000000000 0.0000000000
1550605294825511413033277063168.0000000000 1500000000000.0000000000 0.0000000000
1550605294825511413033277063168.0000000000 1500000000000.0000000000 0.0000000000
1550605294825511413033277063168.0000000000 1500000000000.0000000000 0.0000000000
1550605294825511413033277063168.0000000000 1500000000000.0000000000 0.0000000000
1550605294825511413033277063168.0000000000 1500000000000.0000000000 0.0000000000
1550605294825511413033277063168.0000000000 1500000000000.0000000000 0.0000000000
1550605294825511413033277063168.0000000000 1500000000000.0000000000 0.0000000000
1550605294825511413033277063168.0000000000 1500000000000.0000000000 0.0000000000
1550605294825511413033277063168.0000000000 1500000000000.0000000000 0.0000000000
1550605294825511413033277063168.0000000000 1500000000000.0000000000 0.0000000000
1550605294825511413033277063168.0000000000 1500000000000.0000000000 0.0000000000
1550605294825511413033277063168.0000000000 1500000000000.0000000000 0.0000000000
1550605294825511413033277063168.0000000000 1500000000000.0000000000 0.0000000000
1550605294825511413033277063168.0000000000 1500000000000.0000000000 0.0000000000
1550605294825511413033277063168.0000000000 1500000000000.0000000000 0.0000000000
1550605294825511413033277063168.0000000000 1500000000000.0000000000 0.0000000000
1550605294825511413033277063168.0000000000 1500000000000.0000000000 0.0000000000
1550605294825511413033277063168.0000000000 1500000000000.0000000000 0.0000000000
1550605294825511413033277063168.0000000000 1500000000000.0000000000 0.0000000000
1550605294825511413033277063168.0000000000 1500000000000.0000000000 0.0000000000
1550605294825511413033277063168.0000000000 1500000000000.0000000000 0.0000000000
1550605294825511413033277063168.0000000000 1500000000000.0000000000 0.0000000000
1550605294825511413033277063168.0000000000 1500000000000.0000000000 0.0000000000
1550605294825511413033277063168.0000000000 1500000000000.0000000000 0.0000000000
1550605294825511413033277063168.0000000000 1500000000000.0000000000 0.0000000000
1550605294825511413033277063168.0000000000 1500000000000.0000000000 0.0000000000
1550605294825511413033277063168.0000000000 1500000000000.0000000000 0.0000000000
1550605294825511413033277063168.0000000000 1500000000000.0000000000 0.0000000000
1550605294825511413033277063168.0000000000 1500000000000.0000000000 0.0000000000
1550605294825511413033277063168.0000000000 1500000000000.0000000000 0.0000000000
1550605294825511413033277063168.0000000000 1500000000000.0000000000 0.0000000000
1550605294825511413033277063168.0000000000 1500000000000.0000000000 0.0000000001
1550605294825511413033277063168.0000000000 1500000000000.0000000000 0.0000000001
1550605294825511413033277063168.0000000000 1500000000000.0000000000 0.0000000001
1550605294825511413033277063168.0000000000 1500000000000.0000000000 0.0000000001
1550605294825511413033277063168.0000000000 1500000000000.0000000000 0.0000000001
1550605294825511413033277063168.0000000000 1500000000000.0000000000 0.0000000001
1550605294825511413033277063168.0000000000 1500000000000.0000000000 0.0000000001
1550605294825511413033277063168.0000000000 1500000000000.0000000000 0.0000000001
1550605294825511413033277063168.0000000000 1500000000000.0000000000 0.0000000001
1550605294825511413033277063168.0000000000 1500000000000.0000000000 0.0000000001
1550605294825511413033277063168.0000000000 1500000000000.0000000000 0.0000000001
1550605294825511413033277063168.0000000000 1500000000000.0000000000 0.0000000001
1550605294825511413033277063168.0000000000 1500000000000.0000000000 0.0000000001
1550605294825511413033277063168.0000000000 1500000000000.0000000000 0.0000000001
1550605294825511413033277063168.0000000000 1500000000000.0000000000 0.0000000001
1550605294825511413033277063168.0000000000 1500000000000.0000000000 0.0000000002
1550605294825511413033277063168.0000000000 1500000000000.0000000000 0.0000000002
1550605294825511413033277063168.0000000000 1500000000000.0000000000 0.0000000002
1550605294825511413033277063168.0000000000 1500000000000.0000000000 0.0000000002
1550605294825511413033277063168.0000000000 1500000000000.0000000000 0.0000000002
1550605294825511413033277063168.0000000000 1500000000000.0000000000 0.0000000002
1550605294825511413033277063168.0000000000 1500000000000.0000000000 0.0000000002
1550605294825511413033277063168.0000000000 1500000000000.0000000000 0.0000000003
1550605294825511413033277063168.0000000000 1500000000000.0000000000 0.0000000003
1550605294825511413033277063168.0000000000 1500000000000.0000000000 0.0000000003
1550605294825511413033277063168.0000000000 1500000000000.0000000000 0.0000000003
1550605294825511413033277063168.0000000000 1500000000000.0000000000 0.0000000004
1550605294825511413033277063168.0000000000 1500000000000.0000000000 0.0000000004
1550605294825511413033277063168.0000000000 1500000000000.0000000000 0.0000000004
1550605294825511413033277063168.0000000000 1500000000000.0000000000 0.0000000004
1550605294825511413033277063168.0000000000 1500000000000.0000000000 0.0000000005
1550605294825511413033277063168.0000000000 1500000000000.0000000000 0.0000000005
1550605294825511413033277063168.0000000000 1500000000000.0000000000 0.0000000006
1550605294825511413033277063168.0000000000 1500000000000.0000000000 0.0000000006
1550605294825511413033277063168.0000000000 1500000000000.0000000000 0.0000000006
1550605294825511413033277063168.0000000000 1500000000000.0000000000 0.0000000007
1550605294825511413033277063168.0000000000 1500000000000.0000000000 0.0000000008
1550605294825511413033277063168.0000000000 1500000000000.0000000000 0.0000000008
1550605294825511413033277063168.0000000000 1500000000000.0000000000 0.0000000009
1550605294825511413033277063168.0000000000 1500000000000.0000000000 0.0000000009
1550605294825511413033277063168.0000000000 1500000000000.0000000000 0.0000000010
1550605294825511413033277063168.0000000000 1500000000000.0000000000 0.0000000011
1550605294825511413033277063168.0000000000 1500000000000.0000000000 0.0000000012
1550605294825511413033277063168.0000000000 1500000000000.0000000000 0.0000000013
1550605294825511413033277063168.0000000000 1500000000000.0000000000 0.0000000014
1550605294825511413033277063168.0000000000 1500000000000.0000000000 0.0000000015
1550605294825511413033277063168.0000000000 1500000000000.0000000000 0.0000000016
1550605294825511413033277063168.0000000000 1500000000000.0000000000 0.0000000017
1550605294825511413033277063168.0000000000 1500000000000.0000000000 0.0000000018
1550605294825511413033277063168.0000000000 1500000000000.0000000000 0.0000000020
1550605294825511413033277063168.0000000000 1500000000000.0000000000 0.0000000021
1550605294825511413033277063168.0000000000 1500000000000.0000000000 0.0000000023
1550605294825511413033277063168.0000000000 1500000000000.0000000000 0.0000000024
1550605294825511413033277063168.0000000000 1500000000000.0000000000 0.0000000026
1550605294825511413033277063168.0000000000 1500000000000.0000000000 0.0000000028
1550605294825511413033277063168.0000000000 1500000000000.0000000000 0.0000000031
1550605294825511413033277063168.0000000000 1500000000000.0000000000 0.0000000033
1550605294825511413033277063168.0000000000 1500000000000.0000000000 0.0000000035
1550605294825511413033277063168.0000000000 1500000000000.0000000000 0.0000000038
1550605294825511413033277063168.0000000000 1500000000000.0000000000 0.0000000041
1550605294825511413033277063168.0000000000 1500000000000.0000000000 0.0000000044
1550605294825511413033277063168.0000000000 1500000000000.0000000000 0.0000000048
1550605294825511413033277063168.0000000000 1500000000000.0000000000 0.0000000051
1550605294825511413033277063168.0000000000 1500000000000.0000000000 0.0000000055
1550605294825511413033277063168.0000000000 1500000000000.0000000000 0.0000000059
1550605294825511413033277063168.0000000000 1500000000000.0000000000 0.0000000064
1550605294825511413033277063168.0000000000 1500000000000.0000000000 0.0000000069
1550605294825511413033277063168.0000000000 1500000000000.0000000000 0.0000000074
1550605294825511413033277063168.0000000000 1500000000000.0000000000 0.0000000080
1550605294825511413033277063168.0000000000 1500000000000.0000000000 0.0000000086
1550605294825511413033277063168.0000000000 1500000000000.0000000000 0.0000000093
1550605294825511413033277063168.0000000000 1500000000000.0000000000 0.0000000100
1550605294825511413033277063168.0000000000 1500000000000.0000000000 0.0000000107
1550605294825511413033277063168.0000000000 1500000000000.0000000000 0.0000000115
1550605294825511413033277063168.0000000000 1500000000000.0000000000 0.0000000124
1550605294825511413033277063168.0000000000 1500000000000.0000000000 0.0000000134
1550605294825511413033277063168.0000000000 1500000000000.0000000000 0.0000000144
1550605294825511413033277063168.0000000000 1500000000000.0000000000 0.0000000155
1550605294825511413033277063168.0000000000 1500000000000.0000000000 0.0000000167
1550605294825511413033277063168.0000000000 1500000000000.0000000000 0.0000000180
1550605294825511413033277063168.0000000000 1500000000000.0000000000 0.0000000194
1550605294825511413033277063168.0000000000 1500000000000.0000000000 0.0000000209
1550605294825511413033277063168.0000000000 1500000000000.0000000000 0.0000000225
1550605294825511413033277063168.0000000000 1500000000000.0000000000 0.0000000242
1550605294825511413033277063168.0000000000 1500000000000.0000000000 0.0000000260
1550605294825511413033277063168.0000000000 1500000000000.0000000000 0.0000000280
1550605294825511413033277063168.0000000000 1500000000000.0000000000 0.0000000302
1550605294825511413033277063168.0000000000 1500000000000.0000000000 0.0000000325
1550605294825511413033277063168.0000000000 1500000000000.0000000000 0.0000000350
1550605294825511413033277063168.0000000000 1500000000000.0000000000 0.0000000377
1550605294825511413033277063168.0000000000 1500000000000.0000000000 0.0000000405
1550605294825511413033277063168.0000000000 1500000000000.0000000000 0.0000000437
1550605294825511413033277063168.0000000000 1500000000000.0000000000 0.0000000470
1550605294825511413033277063168.0000000000 1500000000000.0000000000 0.0000000506
1550605294825511413033277063168.0000000000 1500000000000.0000000000 0.0000000545
1550605294825511413033277063168.0000000000 1500000000000.0000000000 0.0000000587
1550605294825511413033277063168.0000000000 1500000000000.0000000000 0.0000000632
1550605294825511413033277063168.0000000000 1500000000000.0000000000 0.0000000680
1550605294825511413033277063168.0000000000 1500000000000.0000000000 0.0000000732
1550605294825511413033277063168.0000000000 1500000000000.0000000000 0.0000000788
1550605294825511413033277063168.0000000000 1500000000000.0000000000 0.0000000849
1550605294825511413033277063168.0000000000 1500000000000.0000000000 0.0000000914
1550605294825511413033277063168.0000000000 1500000000000.0000000000 0.0000000984
1550605294825511413033277063168.0000000000 1500000000000.0000000000 0.0000001059
1550605294825511413033277063168.0000000000 1500000000000.0000000000 0.0000001140
1550605294825511413033277063168.0000000000 1500000000000.0000000000 0.0000001228
1550605294825511413033277063168.0000000000 1500000000000.0000000000 0.0000001322
1550605294825511413033277063168.0000000000 1500000000000.0000000000 0.0000001423
1550605294825511413033277063168.0000000000 1500000000000.0000000000 0.0000001533
1550605294825511413033277063168.0000000000 1500000000000.0000000000 0.0000001650
1550605294825511413033277063168.0000000000 1500000000000.0000000000 0.0000001776
1550605294825511413033277063168.0000000000 1500000000000.0000000000 0.0000001913
1550605294825511413033277063168.0000000000 1500000000000.0000000000 0.0000002059
1550605294825511413033277063168.0000000000 1500000000000.0000000000 0.0000002217
1550605294825511413033277063168.0000000000 1500000000000.0000000000 0.0000002387
1550605294825511413033277063168.0000000000 1500000000000.0000000000 0.0000002570
1550605294825511413033277063168.0000000000 1500000000000.0000000000 0.0000002767
1550605294825511413033277063168.0000000000 1500000000000.0000000000 0.0000002979
1550605294825511413033277063168.0000000000 1500000000000.0000000000 0.0000003208
1550605294825511413033277063168.0000000000 1500000000000.0000000000 0.0000003454
1550605294825511413033277063168.0000000000 1500000000000.0000000000 0.0000003719
1550605294825511413033277063168.0000000000 1500000000000.0000000000 0.0000004004
1550605294825511413033277063168.0000000000 1500000000000.0000000000 0.0000004311
1550605294825511413033277063168.0000000000 1500000000000.0000000000 0.0000004641
1550605294825511413033277063168.0000000000 1500000000000.0000000000 0.0000004997
1550605294825511413033277063168.0000000000 1500000000000.0000000000 0.0000005380
1550605294825511413033277063168.0000000000 1500000000000.0000000000 0.0000005792
1550605294825511413033277063168.0000000000 1500000000000.0000000000 0.0000006237
1550605294825511413033277063168.0000000000 1500000000000.0000000000 0.0000006715
1550605294825511413033277063168.0000000000 1500000000000.0000000000 0.0000007229
1550605294825511413033277063168.0000000000 1500000000000.0000000000 0.0000007784
1550605294825511413033277063168.0000000000 1500000000000.0000000000 0.0000008381
1550605294825511413033277063168.0000000000 1500000000000.0000000000 0.0000009023
1550605294825511413033277063168.0000000000 1500000000000.0000000000 0.0000009715
1550605294825511413033277063168.0000000000 1500000000000.0000000000 0.0000010460
1550605294825511413033277063168.0000000000 1500000000000.0000000000 0.0000011268
1550605294825511413033277063168.0000000000 1500000000000.0000000000 0.0000012137
1550605294825511413033277063168.0000000000 1500000000000.0000000000 0.0000013072
1550605294825511413033277063168.0000000000 1500000000000.0000000000 0.0000014078
1550605294825511413033277063168.0000000000 1500000000000.0000000000 0.0000015161
1550605294825511413033277063168.0000000000 1500000000000.0000000000 0.0000016326
1550605294825511413033277063168.0000000000 1500000000000.0000000000 0.0000017580
1550605294825511413033277063168.0000000000 1500000000000.0000000000 0.0000018930
1550605294825511413033277063168.0000000000 1500000000000.0000000000 0.0000020383
1550605294825511413033277063168.0000000000 1500000000000.0000000000 0.0000021948
1550605294825511413033277063168.0000000000 1500000000000.0000000000 0.0000023632
1550605294825511413033277063168.0000000000 1500000000000.0000000000 0.0000025445
1550605294825511413033277063168.0000000000 1500000000000.0000000000 0.0000027396
1550605294825511413033277063168.0000000000 1500000000000.0000000000 0.0000029498
1550605294825511413033277063168.0000000000 1500000000000.0000000000 0.0000031760
1550605294825511413033277063168.0000000000 1500000000000.0000000000 0.0000034196
1550605294825511413033277063168.0000000000 1500000000000.0000000000 0.0000036818
1550605294825511413033277063168.0000000000 1500000000000.0000000000 0.0000039641
1550605294825511413033277063168.0000000000 1500000000000.0000000000 0.0000042681
1550605294825511413033277063168.0000000000 1500000000000.0000000000 0.0000045953
1550605294825511413033277063168.0000000000 1500000000000.0000000000 0.0000049476
1550605294825511413033277063168.0000000000 1500000000000.0000000000 0.0000053270
1550605294825511413033277063168.0000000000 1500000000000.0000000000 0.0000057354
1550605294825511413033277063168.0000000000 1500000000000.0000000000 0.0000061752
1550605294825511413033277063168.0000000000 1500000000000.0000000000 0.0000066486
1550605294825511413033277063168.0000000000 1500000000000.0000000000 0.0000071583
1550605294825511413033277063168.0000000000 1500000000000.0000000000 0.0000077072
1550605294825511413033277063168.0000000000 1500000000000.0000000000 0.0000082980
1550605294825511413033277063168.0000000000 1500000000000.0000000000 0.0000089342
1550605294825511413033277063168.0000000000 1500000000000.0000000000 0.0000096192
1550605294825511413033277063168.0000000000 1500000000000.0000000000 0.0000103567
1550605294825511413033277063168.0000000000 1500000000000.0000000000 0.0000111507
1550605294825511413033277063168.0000000000 1500000000000.0000000000 0.0000120056
1550605294825511413033277063168.0000000000 1500000000000.0000000000 0.0000129260
1550605294825511413033277063168.0000000000 1500000000000.0000000000 0.0000139170
1550605294825511413033277063168.0000000000 1500000000000.0000000000 0.0000149840
1550605294825511413033277063168.0000000000 1500000000000.0000000000 0.0000161328
1550605294825511413033277063168.0000000000 1500000000000.0000000000 0.0000173696
1550605294825511413033277063168.0000000000 1500000000000.0000000000 0.0000187013
1550605294825511413033277063168.0000000000 1500000000000.0000000000 0.0000201351
1550605294825511413033277063168.0000000000 1500000000000.0000000000 0.0000216788
1550605294825511413033277063168.0000000000 1500000000000.0000000000 0.0000233408
1550605294825511413033277063168.0000000000 1500000000000.0000000000 0.0000251303
1550605294825511413033277063168.0000000000 1500000000000.0000000000 0.0000270569
1550605294825511413033277063168.0000000000 1500000000000.0000000000 0.0000291313
1550605294825511413033277063168.0000000000 1500000000000.0000000000 0.0000313647
1550605294825511413033277063168.0000000000 1500000000000.0000000000 0.0000337693
1550605294825511413033277063168.0000000000 1500000000000.0000000000 0.0000363583
1550605294825511413033277063168.0000000000 1500000000000.0000000000 0.0000391458
1550605294825511413033277063168.0000000000 1500000000000.0000000000 0.0000421470
1550605294825511413033277063168.0000000000 1500000000000.0000000000 0.0000453782
1550605294825511413033277063168.0000000000 1500000000000.0000000000 0.0000488572
1550605294825511413033277063168.0000000000 1500000000000.0000000000 0.0000526029
1550605294825511413033277063168.0000000000 1500000000000.0000000000 0.0000566358
1550605294825511413033277063168.0000000000 1500000000000.0000000000 0.0000609779
1550605294825511413033277063168.0000000000 1500000000000.0000000000 0.0000656529
1550605294825511413033277063168.0000000000 1500000000000.0000000000 0.0000706863
1550605294825511413033277063168.0000000000 1500000000000.0000000000 0.0000761055
1550605294825511413033277063168.0000000000 1500000000000.0000000000 0.0000819403
1550605294825511413033277063168.0000000000 1500000000000.0000000000 0.0000882224
1550605294825511413033277063168.0000000000 1500000000000.0000000000 0.0000949861
1550605294825511413033277063168.0000000000 1500000000000.0000000000 0.0001022684
1550605294825511413033277063168.0000000000 1500000000000.0000000000 0.0001101090
1550605294825511413033277063168.0000000000 1500000000000.0000000000 0.0001185506
1550605294825511413033277063168.0000000000 1500000000000.0000000000 0.0001276395
1550605294825511413033277063168.0000000000 1500000000000.0000000000 0.0001374252
1550605294825511413033277063168.0000000000 1500000000000.0000000000 0.0001479612
1550605294825511413033277063168.0000000000 1500000000000.0000000000 0.0001593048
1550605294825511413033277063168.0000000000 1500000000000.0000000000 0.0001715182
1550605294825511413033277063168.0000000000 1500000000000.0000000000 0.0001846680
1550605294825511413033277063168.0000000000 1500000000000.0000000000 0.0001988258
1550605294825511413033277063168.0000000000 1500000000000.0000000000 0.0002140691
1550605294825511413033277063168.0000000000 1500000000000.0000000000 0.0002304811
1550605294825511413033277063168.0000000000 1500000000000.0000000000 0.0002481513
1550605294825511413033277063168.0000000000 1500000000000.0000000000 0.0002671763
1550605294825511413033277063168.0000000000 1500000000000.0000000000 0.0002876598
1550605294825511413033277063168.0000000000 1500000000000.0000000000 0.0003097137
1550605294825511413033277063168.0000000000 1500000000000.0000000000 0.0003334584
1550605294825511413033277063168.0000000000 1500000000000.0000000000 0.0003590235
1550605294825511413033277063168.0000000000 1500000000000.0000000000 0.0003865487
1550605294825511413033277063168.0000000000 1500000000000.0000000000 0.0004161841
1550605294825511413033277063168.0000000000 1500000000000.0000000000 0.0004480915
1550605294825511413033277063168.0000000000 1500000000000.0000000000 0.0004824452
1550605294825511413033277063168.0000000000 1500000000000.0000000000 0.0005194327
1550605294825511413033277063168.0000000000 1500000000000.0000000000 0.0005592559
1550605294825511413033277063168.0000000000 1500000000000.0000000000 0.0006021321
1550605294825511413033277063168.0000000000 1500000000000.0000000000 0.0006482956
1550605294825511413033277063168.0000000000 1500000000000.0000000000 0.0006979983
1550605294825511413033277063168.0000000000 1500000000000.0000000000 0.0007515115
1550605294825511413033277063168.0000000000 1500000000000.0000000000 0.0008091273
1550605294825511413033277063168.0000000000 1500000000000.0000000000 0.0008711604
1550605294825511413033277063168.0000000000 1500000000000.0000000000 0.0009379494
1550605294825511413033277063168.0000000000 1500000000000.0000000000 0.0010098589
1550605294825511413033277063168.0000000000 1500000000000.0000000000 0.0010872814
1550605294825511413033277063168.0000000000 1500000000000.0000000000 0.0011706396
1550605294825511413033277063168.0000000000 1500000000000.0000000000 0.0012603886
1550605294825511413033277063168.0000000000 1500000000000.0000000000 0.0013570184
1550605294825511413033277063168.0000000000 1500000000000.0000000000 0.0014610565
1550605294825511413033277063168.0000000000 1500000000000.0000000000 0.0015730709
1550605294825511413033277063168.0000000000 1500000000000.0000000000 0.0016936730
1550605294825511413033277063168.0000000000 1500000000000.0000000000 0.0018235212
1550605294825511413033277063168.0000000000 1500000000000.0000000000 0.0019633245
1550605294825511413033277063168.0000000000 1500000000000.0000000000 0.0021138460
1550605294825511413033277063168.0000000000 1500000000000.0000000000 0.0022759076
1550605294825511413033277063168.0000000000 1500000000000.0000000000 0.0024503938
1550605294825511413033277063168.0000000000 1500000000000.0000000000 0.0026382573
1550605294825511413033277063168.0000000000 1500000000000.0000000000 0.0028405237
1550605294825511413033277063168.0000000000 1500000000000.0000000000 0.0030582972
1550605294825511413033277063168.0000000000 1500000000000.0000000000 0.0032927667
1550605294825511413033277063168.0000000000 1500000000000.0000000000 0.0035452121
1550605294825511413033277063168.0000000000 1500000000000.0000000000 0.0038170117
1550605294825511413033277063168.0000000000 1500000000000.0000000000 0.0041096493
1550605294825511413033277063168.0000000000 1500000000000.0000000000 0.0044247224
1550605294825511413033277063168.0000000000 1500000000000.0000000000 0.0047639511
1550605294825511413033277063168.0000000000 1500000000000.0000000000 0.0051291874
1550605294825511413033277063168.0000000000 1500000000000.0000000000 0.0055224251
1550605294825511413033277063168.0000000000 1500000000000.0000000000 0.0059458110
1550605294825511413033277063168.0000000000 1500000000000.0000000000 0.0064016565
1550605294825511413033277063168.0000000000 1500000000000.0000000000 0.0068924501
1550605294825511413033277063168.0000000000 1500000000000.0000000000 0.0074208713
1550605294825511413033277063168.0000000000 1500000000000.0000000000 0.0079898048
1550605294825511413033277063168.0000000000 1500000000000.0000000000 0.0086023565
1550605294825511413033277063168.0000000000 1500000000000.0000000000 0.0092618705
1550605294825511413033277063168.0000000000 1500000000000.0000000000 0.0099719472
1550605294825511413033277063168.0000000000 1500000000000.0000000000 0.0107364631
1550605294825511413033277063168.0000000000 1500000000000.0000000000 0.0115595920
1550605294825511413033277063168.0000000000 1500000000000.0000000000 0.0124458274
1550605294825511413033277063168.0000000000 1500000000000.0000000000 0.0134000075
1550605294825511413033277063168.0000000000 1500000000000.0000000000 0.0144273414
1550605294825511413033277063168.0000000000 1500000000000.0000000000 0.0155334375
1550605294825511413033277063168.0000000000 1500000000000.0000000000 0.0167243344
1550605294825511413033277063168.0000000000 1500000000000.0000000000 0.0180065334
1550605294825511413033277063168.0000000000 1500000000000.0000000000 0.0193870342
1550605294825511413033277063168.0000000000 1500000000000.0000000000 0.0208733735
1550605294825511413033277063168.0000000000 1500000000000.0000000000 0.0224736655
1550605294825511413033277063168.0000000000 1500000000000.0000000000 0.0241966465
1550605294825511413033277063168.0000000000 1500000000000.0000000000 0.0260517227
1550605294825511413033277063168.0000000000 1500000000000.0000000000 0.0280490214
1550605294825511413033277063168.0000000000 1500000000000.0000000000 0.0301994464
1550605294825511413033277063168.0000000000 1500000000000.0000000000 0.0325147373
1550605294825511413033277063168.0000000000 1500000000000.0000000000 0.0350075338
1550605294825511413033277063168.0000000000 1500000000000.0000000000 0.0376914447
1550605294825511413033277063168.0000000000 1500000000000.0000000000 0.0405811221
1550605294825511413033277063168.0000000000 1500000000000.0000000000 0.0436923414
1550605294825511413033277063168.0000000000 1500000000000.0000000000 0.0470420876
1550605294825511413033277063168.0000000000 1500000000000.0000000000 0.0506486476
1550605294825511131558300352512.0000000000 1499999999999.9995117188 0.0545317106
1550605294825510850083323641856.0000000000 1499999999999.9992675781 0.0587124751
1550605294825510568608346931200.0000000000 1499999999999.9990234375 0.0632137648
1550605294825510287133370220544.0000000000 1499999999999.9987792969 0.0680601534
1550605294825510005658393509888.0000000000 1499999999999.9985351562 0.0732780985
1550605294825509724183416799232.0000000000 1499999999999.9980468750 0.0788960860
1550605294825509442708440088576.0000000000 1499999999999.9978027344 0.0849447859
1550605294825509161233463377920.0000000000 1499999999999.9975585938 0.0914572194
1550605294825508598283509956608.0000000000 1499999999999.9970703125 0.0984689395
1550605294825508035333556535296.0000000000 1499999999999.9965820312 0.1060182248
1550605294825507472383603113984.0000000000 1499999999999.9958496094 0.1141462887
1550605294825506627958672982016.0000000000 1499999999999.9951171875 0.1228975041
1550605294825505783533742850048.0000000000 1499999999999.9941406250 0.1323196460
1550605294825504657633836007424.0000000000 1499999999999.9931640625 0.1424641522
1550605294825503531733929164800.0000000000 1499999999999.9919433594 0.1533864038
1550605294825502124359045611520.0000000000 1499999999999.9904785156 0.1651460280
1550605294825500435509185347584.0000000000 1499999999999.9887695312 0.1778072234
1550605294825498746659325083648.0000000000 1499999999999.9870605469 0.1914391105
1550605294825496494859511398400.0000000000 1499999999999.9848632812 0.2061161088
1550605294825493961584721002496.0000000000 1499999999999.9821777344 0.2219183438
1550605294825491146834953895936.0000000000 1499999999999.9792480469 0.2389320833
1550605294825487769135233368064.0000000000 1499999999999.9758300781 0.2572502096
1550605294825483828485559418880.0000000000 1499999999999.9719238281 0.2769727256
1550605294825479324885932048384.0000000000 1499999999999.9672851562 0.2982073011
1550605294825474258336351256576.0000000000 1499999999999.9621582031 0.3210698607
1550605294825468347361840332800.0000000000 1499999999999.9560546875 0.3456852166
1550605294825461310487422566400.0000000000 1499999999999.9489746094 0.3721877497
1550605294825453429188074668032.0000000000 1499999999999.9409179688 0.4007221437
1550605294825444140513843216384.0000000000 1499999999999.9316406250 0.4314441745
1550605294825433444464728211456.0000000000 1499999999999.9206542969 0.4645215610
1550605294825421059565752942592.0000000000 1499999999999.9082031250 0.5001348805
1550605294825406704341940699136.0000000000 1499999999999.8935546875 0.5384785544
1550605294825389815843338059776.0000000000 1499999999999.8764648438 0.5797619100
1550605294825370394069945024512.0000000000 1499999999999.8566894531 0.6242103229
1550605294825347876071808172032.0000000000 1499999999999.8337402344 0.6720664474
1550605294825321698898974081024.0000000000 1499999999999.8071289062 0.7235915414
1550605294825291581076466040832.0000000000 1499999999999.7766113281 0.7790668925
1550605294825256396704377208832.0000000000 1499999999999.7407226562 0.8387953540
1550605294825215864307730874368.0000000000 1499999999999.6997070312 0.9031029974
1550605294825168857986620194816.0000000000 1499999999999.6518554688 0.9723408935
1550605294825114251841138327552.0000000000 1499999999999.5964355469 1.0468870282
1550605294825050919971378429952.0000000000 1499999999999.5319824219 1.1271483666
1550605294824977455002456948736.0000000000 1499999999999.4575195312 1.2135630742
1550605294824892449559490330624.0000000000 1499999999999.3710937500 1.3066029093
1550605294824793933317641601024.0000000000 1499999999999.2709960938 1.4067757985
1550605294824679654477097074688.0000000000 1499999999999.1547851562 1.5146286091
1550605294824547079763066355712.0000000000 1499999999999.0202636719 1.6307501351
1550605294824393394425782337536.0000000000 1499999999998.8640136719 1.7557743114
1550605294824215220765524492288.0000000000 1499999999998.6831054688 1.8903836745
1550605294824008899607595581440.0000000000 1499999999998.4736328125 2.0353130887
1550605294823769645877391523840.0000000000 1499999999998.2304687500 2.1913537579
1550605294823492111550354817024.0000000000 1499999999997.9484863281 2.3593575451
1550605294823170385651974537216.0000000000 1499999999997.6215820312 2.5402416225
1550605294822797712782809628672.0000000000 1499999999997.2431640625 2.7349934791
1550605294822365648693558771712.0000000000 1499999999996.8041992188 2.9446763113
1550605294821864623235013804032.0000000000 1499999999996.2951660156 3.1704348272
1550605294821283940358059720704.0000000000 1499999999995.7053222656 3.4135014958
1550605294820610933688744542208.0000000000 1499999999995.0214843750 3.6752032757
1550605294819830685053302603776.0000000000 1499999999994.2290039062 3.9569688585
1550605294818926024478154555392.0000000000 1499999999993.3098144531 4.2603364693
1550605294817877530189907361792.0000000000 1499999999992.2446289062 4.5869622634
1550605294816662121240470749184.0000000000 1499999999991.0100097656 4.9386293682
1550605294815253057507057205248.0000000000 1499999999989.5786132812 5.3172576176
1550605294813619658217205268480.0000000000 1499999999987.9191894531 5.7249140326
1550605294811726176048872685568.0000000000 1499999999985.9956054688 6.1638241059
1550605294809531234180482990080.0000000000 1499999999983.7656250000 6.6363839513
1550605294806986981865995370496.0000000000 1499999999981.1811523438 7.1451733846
1550605294804037687060021116928.0000000000 1499999999978.1848144531 7.6929700076
1550605294800618610517916778496.0000000000 1499999999974.7114257812 8.2827643714
1550605294796655161370854031360.0000000000 1499999999970.6850585938 8.9177763029
1550605294792060926800982704128.0000000000 1499999999966.0178222656 9.6014724822
1550605294786735138766640381952.0000000000 1499999999960.6074218750 10.3375853683
1550605294780561266627468853248.0000000000 1499999999954.3354492188 11.1301335753
1550605294773404483869623713792.0000000000 1499999999947.0649414062 11.9834438111
1550605294765108290406053838848.0000000000 1499999999938.6367187500 12.9021744980
1550605294755491416351757565952.0000000000 1499999999928.8671875000 13.8913412038
1550605294744343318424155324416.0000000000 1499999999917.5417480469 14.9563440233
1550605294731420520768392396800.0000000000 1499999999904.4135742188 16.1029970585
1550605294716440141032874573824.0000000000 1499999999889.1953125000 17.3375601592
1550605294699074823819687362560.0000000000 1499999999871.5539550781 18.6667730970
1550605294678944577910271377408.0000000000 1499999999851.1037597656 20.0978923595
1550605294655609457916027863040.0000000000 1499999999827.3977050781 21.6387307648
1550605294628559149704180400128.0000000000 1499999999799.9174804688 23.2977001139
1550605294597201992873683189760.0000000000 1499999999768.0620117188 25.0838571123
1550605294560852595856245784576.0000000000 1499999999731.1350097656 27.0069528131
1550605294518715791842660581376.0000000000 1499999999688.3286132812 29.0774858501
1550605294469870313234153603072.0000000000 1499999999638.7067871094 31.3067597523
1550605294413248243969084620800.0000000000 1499999999581.1848144531 33.7069446527
1550605294347611375624903458816.0000000000 1499999999514.5048828125 36.2911437277
1550605294271524185820385771520.0000000000 1499999999437.2084960938 39.0734647307
1550605294183323157443171581952.0000000000 1499999999347.6057128906 42.0690970092
1550605294081079623952839475200.0000000000 1499999999243.7373046875 45.2943944277
1550605293962557548134400000000.0000000000 1499999999123.3315429688 48.7669646468
1550605293825165671352254857216.0000000000 1499999998983.7563476562 52.5057652477
1550605293665899529704994504704.0000000000 1499999998821.9589843750 56.5312072263
1550605293481276433305777995776.0000000000 1499999998634.4018554688 60.8652664214
1550605293267259186563644391424.0000000000 1499999998416.9833984375 65.5316034859
1550605293019167986515802324992.0000000000 1499999998164.9492187500 70.5556930565
1550605292731577965936107323392.0000000000 1499999997872.7888183594 75.9649628250
1550605292398200410894889910272.0000000000 1499999997534.1130371094 81.7889432730
1550605292011745400970320805888.0000000000 1499999997141.5163574219 88.0594288857
1550605291563762494411592695808.0000000000 1499999996686.4138183594 94.8106517254
1550605291044455517604244619264.0000000000 1499999996158.8540039062 102.0794683126
1550605290442469207037815291904.0000000000 1499999995547.3005371094 109.9055608340
1550605289744639822476477464576.0000000000 1499999994838.3808593750 118.3316537777
1550605288935708323957769764864.0000000000 1499999994016.5935058594 127.4037471753
1550605287997985979520264437760.0000000000 1499999993063.9685058594 137.1713677279
1550605286910967900060543614976.0000000000 1499999991959.6750488281 147.6878391832
1550605285650884368220322529280.0000000000 1499999990679.5659179688 159.0105734430
1550605284190181517054418354176.0000000000 1499999989195.6489257812 171.2013839879
1550605282496918692105612689408.0000000000 1499999987475.4760742188 184.3268233321
1550605280534069549037479002112.0000000000 1499999985481.4323730469 198.4585463488
1550605278258713094551316201472.0000000000 1499999983169.9150390625 213.6737014511
1550605275621094685863841890304.0000000000 1499999980490.3784179688 230.0553517638
1550605272563538129922205679616.0000000000 1499999977384.2299804688 247.6929285840
1550605269019184675508325449728.0000000000 1499999973783.5480957031 266.6827196076
1550605264910530750734875492352.0000000000 1499999969609.5976562500 287.1283945868
1550605260147733483685488361472.0000000000 1499999964771.1081542969 309.1415712873
1550605254626646007077314494464.0000000000 1499999959162.2773437500 332.8424248358
1550605248226540044224456294400.0000000000 1499999952660.4580078125 358.3603437844
1550605240807466236706375598080.0000000000 1499999945123.4772949219 385.8346364726
1550605232207193385471142002688.0000000000 1499999936386.5251464844 415.4152915442
1550605222237661584653901889536.0000000000 1499999926258.5534667969 447.2637967700
1550605210680869872167135739904.0000000000 1499999914518.0961914062 481.5540206474
1550605197284108606545133043712.0000000000 1499999900908.4282226562 518.4731615881
1550605181754434676101115543552.0000000000 1499999885131.9501953125 558.2227698781
1550605163752264284032372572160.0000000000 1499999866843.6816406250 601.0198479864
1550605142883949045909517500416.0000000000 1499999845643.7182617188 647.0980352315
1550605118693166796038815612928.0000000000 1499999821068.4860839844 696.7088832712
1550605090650944425437698195456.0000000000 1499999792580.6047363281 750.1232293801
1550605058144090104716884705280.0000000000 1499999759557.1379394531 807.6326750109
1550605020461785223564770672640.0000000000 1499999721275.9699707031 869.5511777120
1550604976780041061058488565760.0000000000 1499999676900.0170898438 936.2167650900
1550604926143681009454705278976.0000000000 1499999625458.9228515625 1007.9933801768
1550604867445454286492761325568.0000000000 1499999565827.8391113281 1085.2728682721
1550604799401823739372996919296.0000000000 1499999496702.8305664062 1168.4771161099
1550604720524899130404002332672.0000000000 1499999416572.3608398438 1258.0603550252
1550604629089902570344540012544.0000000000 1499999323684.2407226562 1354.5116406953
1550604523097452841849153650688.0000000000 1499999216007.3144531250 1458.3575229906
1550604400229846706085469093888.0000000000 1499999091187.0446777344 1570.1649205111
1550604257800378488752510599168.0000000000 1499998946494.0273437500 1690.5442154987
1550604092694591185891606134784.0000000000 1499998778764.3095703125 1820.1525860212
1550603901302174719171151003648.0000000000 1499998584330.2043457031 1959.6975936156
1550603679438021775068476997632.0000000000 1499998358940.0930175781 2109.9410459759
1550603422250714941916660629504.0000000000 1499998097665.4572753906 2271.7031557684
1550603124116444702156787810304.0000000000 1499997794793.1118164062 2445.8670182760
1550602778516038363037625745408.0000000000 1499997443700.2785644531 2633.3834323109
1550602377892411839735115284480.0000000000 1499997036709.7729492188 2835.2760907085
1550601913485327236999589920768.0000000000 1499996564922.1354980469 3052.6471687329
1550601375139844060954593591296.0000000000 1499996018021.0395507812 3286.6833408918
1550600751084274306018959163392.0000000000 1499995384047.7163085938 3538.6622589985
1550600027672790477203516162048.0000000000 1499994649139.4729003906 3809.9595268330
1550599189087056203823284486144.0000000000 1499993797226.5815429688 4102.0562094603
1550598216990358513839698345984.0000000000 1499992809680.9143066406 4416.5469181808
1550597090126682195383342333952.0000000000 1499991664908.6464843750 4755.1485152251
1550595783855960551732476379136.0000000000 1499990337878.1210937500 5119.7094856788
1550594269615344680787815432192.0000000000 1499988799572.5566406250 5512.2200277625
1550592514294720276992500957184.0000000000 1499987016355.6386718750 5934.8229164998
1550590479512819293426890571776.0000000000 1499984949236.1281738281 6389.8252000167
1550588120778112636936607760384.0000000000 1499982553015.4174804688 6879.7107922461
1550585386516148334835942817792.0000000000 1499979775299.4121093750 7407.1540306845
1550582216942085219819834048512.0000000000 1499976555353.1452636719 7975.0342730914
1550578542753795324422060507136.0000000000 1499972822773.1098632812 8586.4516126638
1550574283616992577956255629312.0000000000 1499968495948.3139648438 9244.7437972850
1550569346409310555526565724160.0000000000 1499963480276.4511718750 9953.5044449734
1550563623184994639079775666176.0000000000 1499957666096.2475585938 10716.6026546714
1550556988815792402123913691136.0000000000 1499950926290.8598632812 11538.2041190607
1550549298256568607647280922624.0000000000 1499943113510.0346679688 12422.7938541921
1550540383376009560347149074432.0000000000 1499934056950.4448242188 13375.2006694349
1550530049283321461785101336576.0000000000 1499923558624.0097656250 14400.6235105987
1550518070070880573766737330176.0000000000 1499911389032.8872070312 15504.6598191332
1550504183880116488192321912832.0000000000 1499897282156.9396972656 16693.3360610866
1550488087183240733213681778688.0000000000 1499880929644.5878906250 17973.1405910686
1550469428156459441487047819264.0000000000 1499861974080.7062988281 19351.0590288590
1550447799000675645210996244480.0000000000 1499840001185.2829589844 20834.6123395830
1550422727042985242816973635584.0000000000 1499814530773.4970703125 22431.8978225812
1550393664426032429275853881344.0000000000 1499785006281.2138671875 24151.6332293060
1550359976161973556667400323072.0000000000 1499750782629.0952148438 26003.2042467973
1550320926292799793055303467008.0000000000 1499711112162.9787597656 27996.7156006082
1550275661858381510677136146432.0000000000 1499665128367.1333007812 30143.0460494803
1550223194327023358912116031488.0000000000 1499611826999.7021484375 32453.9075636612
1550162378089676039378001985536.0000000000 1499550044245.1352539062 34941.9089995352
1550091885557209827316921794560.0000000000 1499478431415.6984863281 37620.6246052116
1550010178329184345752057413632.0000000000 1499395425662.0441894531 40504.6677148826
1549915473821098403411374637056.0000000000 1499299216070.0888671875 43609.7700140940
1549805706643757879413052538880.0000000000 1499187704426.6047363281 46952.8667835037
1549678483921656445239239376896.0000000000 1499058459827.5017089844 50552.1885551372
1549531033615466877352293695488.0000000000 1498908666179.0378417969 54427.3596424277
1549360144775163545898595647488.0000000000 1498735061501.4191894531 58599.5040332316
1549162098493150029872384442368.0000000000 1498533867784.6059570312 63091.3591632272
1548932588149271910922988814336.0000000000 1498300709965.8249511719 67927.3981152262
1548666627340077734671933243392.0000000000 1498030522395.6044921875 73133.9608173943
1548358443661765198651376795648.0000000000 1497717440932.6733398438 78739.3948394734
1548001356268938674562941321216.0000000000 1497354678556.8312988281 84774.2064099012
1547587634859465773147995766784.0000000000 1496934382112.7333984375 91271.2222970237
1547108337440329560401232527360.0000000000 1496447467497.4497070312 98265.7632129140
1546553123913176711396572790784.0000000000 1495883430283.4350585938 105795.8294067182
1545910042186521109942792880128.0000000000 1495230128431.5390625000 113902.2991136074
1545165283183024003547056308224.0000000000 1494473533404.7590332031 122629.1405123574
1544302900778626746604972933120.0000000000 1493597445656.5266113281 132023.6378157183
1543304492405846874877377642496.0000000000 1492583170158.0180664062 142136.6320686392
1542148835805523482360682643456.0000000000 1491409147377.0048828125 153022.7771547551
1540811477260811778958932574208.0000000000 1490050534967.8906250000 164740.8114049124
1539264266650859986365072801792.0000000000 1488478735436.2646484375 177353.8450553414
1537474834895878137749824339968.0000000000 1486660865279.3088378906 190929.6636085030
1535406009932009235817517023232.0000000000 1484559161679.0949707031 205541.0468965113
1533015168386638258381550256128.0000000000 1482130323874.4453125000 221266.1033239387
1530253521793633726555119157248.0000000000 1479324788032.4077148438 238188.6183613615
1527065338709140629254102319104.0000000000 1476085937001.5839843750 256398.4158602942
1523387107727696316904153022464.0000000000 1472349250026.5471191406 275991.7301516439
1519146651289929166595488219136.0000000000 1468041402471.7983398438 297071.5861627794
1514262207537874009214720933888.0000000000 1463079333085.5417480469 319748.1852033010
1508641506822344063867521335296.0000000000 1457369305830.5229492188 344139.2894694722
1502180878971728610639499755520.0000000000 1450806002965.1667480469 370370.5970761967
1494764445140482742976988053504.0000000000 1443271704048.5832519531 398576.1099704479
1486263464277672003147116052480.0000000000 1434635622022.9160156250 428898.4789110890
1476535925778765394554583515136.0000000000 1424753489391.3862304688 461489.3184965471
1465426504900983107292330196992.0000000000 1413467512925.0817871094 496509.4821459524
1452766974978862252797695361024.0000000000 1400606792429.6264648438 534129.2864400817
1438377399356256976431522775040.0000000000 1385988531619.8649902344 574528.8381711819
1422068103149300612404149747712.0000000000 1369420041218.9104003906 617897.8866946759
1403642577988609531802804027392.0000000000 1350701689863.7341308594 664435.8759641864
1382901660883495474091320672256.0000000000 1329631149381.6437988281 714352.3509970625
1359649738482815929515606278144.0000000000 1306009697651.8581542969 767867.0936532640
1333703757282478338466962735104.0000000000 1279056281034.3935546875 825208.5002838088
1304957651579462910813526818816.0000000000 1244663618854.0002441406 886614.3148529923
1273261757303745990184289697792.0000000000 1206741745345.5532226562 952361.7874674961
1238558818082998642105309462528.0000000000 1165222157349.3020019531 1022945.7833008487
1200848607047284004079330656256.0000000000 1120104583431.5720214844 1098691.4233965313
1160198944805834326637092536320.0000000000 1071470166106.9803466797 1179953.9921845065
1116752961878283881270262890496.0000000000 1019490150818.6611328125 1267122.5274298710
1070836160002362329050740948992.0000000000 960859835237.0759277344 1360627.6639916943
1022720926851420602317391527936.0000000000 899077828414.5368652344 1460913.6889557187
972912654125780500398227849216.0000000000 832196881440.4503173828 1568955.0391151267
921950648407302540052859453440.0000000000 762754987812.1579589844 1685518.3390418279
870364694020987540318715904000.0000000000 690548921644.8677978516 1811756.4348756922
818903345715165485030843613184.0000000000 616378131320.8276367188 1949417.3782725872
768204658974800573995300159488.0000000000 542261326902.6319580078 2100235.7615972660
718946850421313033850526367744.0000000000 470286327885.5462036133 2266983.8576723388
671707878989135138126856978432.0000000000 403877171985.5135498047 2452988.3029301930
626402866434367265458047942656.0000000000 353539685724.0913696289 2662187.4273608401
582004720617353724235710726144.0000000000 329392239680.1900024414 2899118.1964688282
539533931767954334484046807040.0000000000 308793358702.7617187500 3161487.5132079013
498914364013978412120702713856.0000000000 288895948126.5278320312 3434201.1673877127
459882026221582064856642617344.0000000000 269583848806.2792968750 3716124.3984551518
422352136561298262372200218624.0000000000 250744587362.9487304688 4008450.5365676163
386286752039424367593147858944.0000000000 232640478498.9981689453 4311987.9801957943
351723678727093052924200222720.0000000000 215111799866.8638305664 4627532.6890713517
318766068489093554790947880960.0000000000 198021206773.3862304688 4955455.9973174995
287461928785193102424026382336.0000000000 181788042112.5612182617 5296222.4473528340
257921463188683011290136838144.0000000000 166071447176.2966003418 5650535.8073058659
230220794092260026582462103552.0000000000 151183862904.2102355957 6018376.7537460430
204403944859512318452589133824.0000000000 137148932512.2806549072 6400414.2862575389
180553852242497326147075833856.0000000000 123744135931.9145507812 6796738.3876060480
158634711503116594810963623936.0000000000 111424618874.0144348145 7207354.5324948300
138671670353822121042445860864.0000000000 99735757931.8823394775 7633080.9509383393
120594759857435370326149038080.0000000000 89089540598.0656280518 8073237.4032451101
104341755768194733630589763584.0000000000 79218898375.3066406250 8528912.2432527505
89858995146079881581327024128.0000000000 70172026458.5431976318 8999433.4870721828
77006909897690542812184969216.0000000000 62056552347.4412689209 9485259.6480297260
65714280765965030907539619840.0000000000 54538482285.2752304077 9986706.1459294911
55817083276496521531179925504.0000000000 47949421112.9857101440 10502860.7784388382
47183458168285350811790213120.0000000000 42324374836.8611602783 11035426.3025674764
39725027780759263902838030336.0000000000 37139737633.7191238403 11582480.4100470599
33305002668544795593752444928.0000000000 32512077787.7935981750 12139744.6997013912
27877301184152221594863796224.0000000000 27801242537.1887207031 12708460.3772828784
23244489340394758180008099840.0000000000 23933193430.8928909302 13287875.4501822218
19285154292991626428836478976.0000000000 20830499699.7785568237 13891137.7794079073
15953610098497568110828060672.0000000000 18037977275.5437698364 14513325.7319064010
13150535400146998597548769280.0000000000 15612607710.4781780243 15145296.6978589799
10811316104916090647442620416.0000000000 13490557315.3350219727 15788422.5211915039
8878244322764753810067816448.0000000000 11414115375.8514900208 16440778.2565507498
7275195810049560389963743232.0000000000 9675036318.1828613281 17101630.9707025401
5936797494183563774234984448.0000000000 8311050975.6900138855 17784247.5480260625
4833119148612659407709274112.0000000000 7122419066.7484922409 18487017.8252196088
3925991242864068106959978496.0000000000 6075660335.2882986069 19198320.4545056373
3184776012675827221085028352.0000000000 5174082488.0005073547 19917832.5427409820
2576446763664396042345906176.0000000000 4434140629.7812194824 20646959.7305062562
2080768502894608417898364928.0000000000 3754422272.3174910545 21385675.0992426611
1680789689410190897921916928.0000000000 3156298972.8172688484 22126987.1650866009
1354691518929692666076594176.0000000000 2668655859.9492912292 22877839.3781858422
1090089880537757250184282112.0000000000 2253509211.3053822517 23643538.2516662814
875799830378721970518753280.0000000000 1910133175.2996926308 24418098.5665723160
702039092472824821117353984.0000000000 1631700866.6074786186 25200839.5291811489
563698185254505957759647744.0000000000 1355216344.7181375027 25987094.8922724128
452280493205948195340812288.0000000000 1126750919.7924971581 26768196.6092674397
362198442861036081818632192.0000000000 946578855.6829589605 27566347.9872010387
289380062129607631425241088.0000000000 800710650.2607984543 28380437.0063695423
231222729408498930817171456.0000000000 673429173.5054576397 29200521.8960716277
184418600382420548503732224.0000000000 570994993.9798119068 30018373.2197493538
146867126666734044916482048.0000000000 482841238.0474889278 30837673.1187418327
117055573006753049754992640.0000000000 406496501.8472727537 31649446.0619868860
93131366840525143953899520.0000000000 345228738.7044168711 32453434.8695623092
74165548156588308478033920.0000000000 286921788.2952475548 33252650.7420409136
59123500390844519292076032.0000000000 237932675.6188760400 34037804.8717285395
47050721393606606423326720.0000000000 199093430.8094907999 34825330.7478203401
37386665307113857988165632.0000000000 168003270.0204301476 35617201.6717477366
29657342921691107426304000.0000000000 143137326.1969925165 36404425.7170896977
23499110660747620031397888.0000000000 121072495.4400393665 37178424.8984817788
18667322717597398131015680.0000000000 101243418.2615793049 37929710.7464032695
14807715888135084552749056.0000000000 85404055.5659511238 38661961.4359686077
11727041392665678015627264.0000000000 72761337.5801636577 39384498.7980274484
9276050938499209982115840.0000000000 61778049.7633891106 40089429.8257316723
7358473845506097912217600.0000000000 51646640.3592661992 40768267.9381224811
5829181072272777623371776.0000000000 43566709.0537617430 41422215.8088541701
4610421392081111184572416.0000000000 37127461.6668489724 42062756.5644424483
3641467566210933965455360.0000000000 31704512.4334837720 42682996.3111610040
2885396986394332417228800.0000000000 26511650.6947100312 43275721.6916035116
2283173262162229528100864.0000000000 22375443.5478781983 43839277.6793984696
1803825567732239750397952.0000000000 19083176.4389282688 44387286.7632002905
1422736697575333741723648.0000000000 16438617.2168953139 44914007.6576923281
1126339097348870456213504.0000000000 13746553.6539540458 45413594.9083327800
890482417068517984567296.0000000000 11604359.6059121694 45881271.1321658194
702930006099875426467840.0000000000 9900894.3574597649 46333200.8494798243
553925602577651379208192.0000000000 8547545.5950760841 46764844.5937482938
437540365893987559538688.0000000000 7175394.8356769197 47171687.1143959984
346087465808652956336128.0000000000 5979859.2723458279 47549551.5917776078
273728133180379128397824.0000000000 5002250.3021406364 47910828.9316788763
216206535060018773884928.0000000000 4225106.1762835449 48258965.6378422156
170511778007352009031680.0000000000 3607748.2935689259 48592937.2536832541
134245768913255254720512.0000000000 3117777.2764775008 48909594.1983237937
105497444978317749911552.0000000000 2729373.7584193773 49205892.8094005436
83067325942826706927616.0000000000 2314703.2450958798 49479120.3904085606
65617101335065222184960.0000000000 1944440.3106996496 49727130.0186108202
51759445303577827868672.0000000000 1650405.3339928172 49959712.3401495367
40763480778000899768320.0000000000 1417090.3948861829 50180475.1148876324
32047371588332869910528.0000000000 1232149.9578645860 50387460.8405540958
25147606124607748177920.0000000000 1085749.1255160822 50578885.7615580261
19694568926642375229440.0000000000 970045.3108275066 50753289.0676432624
15393163028559785099264.0000000000 878777.0775725069 50909672.1984983981
12007494512456323039232.0000000000 806939.1736003237 51047601.2791421935
9348813492259280388096.0000000000 750526.6598196200 51167249.5405826420
7266040914844553576448.0000000000 706333.9056558383 51269368.7447435260
5638318842897796956160.0000000000 671796.5192159838 51355195.4486874938
4369120005612727435264.0000000000 644866.3623619319 51426312.9472301081
3381547482130201182208.0000000000 623911.8182977202 51484497.2398844063
2614544807424297009152.0000000000 607637.3767125928 51531573.6067955345
2019813534650126041088.0000000000 595018.2299002003 51569301.8843347877
1559294108070991364096.0000000000 585246.8213330109 51599297.9119555280
1203106304098331000832.0000000000 577689.1454600935 51622989.7969207466
927870953771828248576.0000000000 571849.1376233958 51641602.4126460552
715350129259254382592.0000000000 567339.8212178445 51656161.7703562155
551352850629991596032.0000000000 563860.0887225241 51667511.4620010704
424860592415378112512.0000000000 561176.1464949773 51676335.0394653752
327332997287660355584.0000000000 559106.7832421665 51683180.0846245065
252159846413682606080.0000000000 557511.7417996610 51688481.3636823446
194230609073611407360.0000000000 556282.5857350833 51692581.6839890778
149597729922915631104.0000000000 555335.5548987273 51695749.8925674632
115214120371453640704.0000000000 554605.9954544324 51698195.9544733763
88729050311606517760.0000000000 554044.0290626825 51700083.3198084533
68329786605074481152.0000000000 553611.1927290950 51701538.9109296575
52618932107893972992.0000000000 553277.8361552542 51702661.0955887064
40519542603645648896.0000000000 553021.1084876771 51703525.9975488111
31201806826437992448.0000000000 552823.4025974467 51704192.4589575529
24026434703132016640.0000000000 552671.1538787351 51704705.9233168364
18500973619914686464.0000000000 552553.9133571631 51705101.4624450207
14246116741401819136.0000000000 552463.6328118586 51705406.1293804348
10969727567090614272.0000000000 552394.1136224400 51705640.7833193615
8446819309654904832.0000000000 552340.5819667962 51705821.5026798099
6504127412140368896.0000000000 552299.3614771594 51705960.6778372824
5008223494859725824.0000000000 552267.6210390599 51706067.8553111851
3856359003465799168.0000000000 552243.1805097144 51706150.3894398361
2969412390034719232.0000000000 552224.3610696715 51706213.9451508224
2286457001901073920.0000000000 552209.8699630091 51706262.8856763169
1760577501437626368.0000000000 552198.7117291550 51706300.5714392588
1355648002354660352.0000000000 552190.1198406307 51706329.5904007182
1043850933988360448.0000000000 552183.5040577359 51706351.9355489090
803766388493396096.0000000000 552178.4098878719 51706369.1416378617
618900812440107904.0000000000 552174.4873669762 51706382.3905189633
476554036640661056.0000000000 552171.4670198979 51706392.5922716111
366946851933706112.0000000000 552169.1413490970 51706400.4476888627
282549220491630336.0000000000 552167.3505804751 51706406.4964002967
217562985454581856.0000000000 552165.9716873879 51706411.1539319009
167523549597521952.0000000000 552164.9099389708 51706414.7402453497
128993163308007264.0000000000 552164.0923922509 51706417.5017150715
99324753604114672.0000000000 552163.4628810163 51706419.6280517206
76480070862570320.0000000000 552162.9781572114 51706421.2653338835
58889660841457536.0000000000 552162.6049197903 51706422.5260428935
45345042569724184.0000000000 552162.3175269216 51706423.4967898652
34915684985345560.0000000000 552162.0962343807 51706424.2442656457
26885078747044312.0000000000 552161.9258391052 51706424.8198223561
20701511410932264.0000000000 552161.7946347317 51706425.2630012408
15940164246335356.0000000000 552161.6936073573 51706425.6042491123
12273926742363386.0000000000 552161.6158162752 51706425.8670100495
9450923753294872.0000000000 552161.5559171396 51706426.0693360120
7277211385894213.0000000000 552161.5097948038 51706426.2251270339
5603452823972261.0000000000 552161.4742806044 51706426.3450861350
4314658708155355.0000000000 552161.4469346704 51706426.4374546558
3322287225258406.5000000000 552161.4258783008 51706426.5085784197
2558161175294394.5000000000 552161.4096648962 51706426.5633437186
1969784111999834.5000000000 552161.3971805745 51706426.6055129990
1516733770403898.7500000000 552161.3875676466 51706426.6379833519
1167885005679853.2500000000 552161.3801656922 51706426.6629855186
899271455837268.7500000000 552161.3744661873 51706426.6822371930
692439021862573.2500000000 552161.3700775686 51706426.6970609799
533178047348745.2500000000 552161.3666983319 51706426.7084752992
410547096763618.7500000000 552161.3640963198 51706426.7172643244
316121264688871.2500000000 552161.3620927706 51706426.7240318730
243413373917677.5000000000 552161.3605500376 51706426.7292428836
187428297980198.1875000000 552161.3593621331 51706426.7332553640
144319789482453.0625000000 552161.3584474467 51706426.7363449708
111126237923841.4531250000 552161.3577431383 51706426.7387239709
85567203214610.7812500000 552161.3572008207 51706426.7405558005
65886746483107.9218750000 552161.3567832361 51706426.7419663072
50732794796651.8828125000 552161.3564616961 51706426.7430524006
39064251996184.1406250000 552161.3562141103 51706426.7438886911
30079474038699.4921875000 552161.3560234691 51706426.7445326373
23161195010769.6015625000 552161.3558766755 51706426.7450284734
17834120158868.2968750000 552161.3557636444 51706426.7454102710
13732272522669.9218750000 552161.3556766105 51706426.7457042560
10573849842658.2148437500 552161.3556095943 51706426.7459306195
8141864378966.8144531250 552161.3555579919 51706426.7461049184
6269235571875.5888671875 552161.3555182579 51706426.7462391332
4827311390386.3828125000 552161.3554876628 51706426.7463424802
3717029770622.5234375000 552161.3554641047 51706426.7464220524
2862112923394.1704101562 552161.3554459648 51706426.7464833260
2203826951022.3027343750 552161.3554319972 51706426.7465305030
1696946752292.3854980469 552161.3554212421 51706426.7465668321
1306648999268.2270507812 552161.3554129606 51706426.7465948015
1006119729438.3669433594 552161.3554065840 51706426.7466163412
774712191668.6289062500 552161.3554016739 51706426.7466329262
596528387585.4884033203 552161.3553978931 51706426.7466456965
459326858441.2080078125 552161.3553949820 51706426.7466555312
353681680999.9565429688 552161.3553927403 51706426.7466631010
272334894370.1007690430 552161.3553910144 51706426.7466689348
209697868665.0571899414 552161.3553896854 51706426.7466734275
161467358872.1412353516 552161.3553886618 51706426.7466768846
124329866331.5767517090 552161.3553878739 51706426.7466795444
95733997075.3306884766 552161.3553872672 51706426.7466815934
73715177748.0144653320 552161.3553867999 51706426.7466831729
56760686865.9769668579 552161.3553864402 51706426.7466843873
43705728886.8057174683 552161.3553861632 51706426.7466853261
33653411242.8424530029 552161.3553859500 51706426.7466860488
25913126656.9899024963 552161.3553857857 51706426.7466866001
19953107525.8829460144 552161.3553856593 51706426.7466870248
15363892794.9302940369 552161.3553855619 51706426.7466873527
11830197452.0965805054 552161.3553854870 51706426.7466876060
9109252038.1145172119 552161.3553854292 51706426.7466877997
7014124069.3482675552 552161.3553853846 51706426.7466879487
5400875533.3982191086 552161.3553853505 51706426.7466880679
4158674160.7166604996 552161.3553853242 51706426.7466881573
3202179103.7518472672 552161.3553853037 51706426.7466882244
2465677909.8889331818 552161.3553852881 51706426.7466882765
1898571990.6144847870 552161.3553852763 51706426.7466883138
1461900432.7731571198 552161.3553852669 51706426.7466883436
1125663333.2353332043 552161.3553852597 51706426.7466883659
866760766.5912078619 552161.3553852544 51706426.7466883808
667405790.2752308846 552161.3553852499 51706426.7466883957
513902458.5119282007 552161.3553852468 51706426.7466884032
395704893.0541849732 552161.3553852442 51706426.7466884106
304692767.6517226100 552161.3553852424 51706426.7466884181
234613431.0918264985 552161.3553852409 51706426.7466884255
180652341.9407064617 552161.3553852397 51706426.7466884330
139102303.2943440080 552161.3553852388 51706426.7466884330
107108773.5366449058 552161.3553852382 51706426.7466884330
82473755.6232165992 552161.3553852376 51706426.7466884330
63504791.8298767880 552161.3553852371 51706426.7466884330
48898689.7090051323 552161.3553852369 51706426.7466884330
37651991.0759339556 552161.3553852367 51706426.7466884330
28992033.1284691468 552161.3553852364 51706426.7466884330
22323865.5089212433 552161.3553852363 51706426.7466884330
17189376.4418693557 552161.3553852362 51706426.7466884330
13235819.8602394033 552161.3553852362 51706426.7466884330
10191581.2923843395 552161.3553852360 51706426.7466884330
7847517.5951359402 552161.3553852360 51706426.7466884330
6042588.5482546743 552161.3553852360 51706426.7466884330
4652793.1821560990 552161.3553852360 51706426.7466884330
3582650.7502601966 552161.3553852360 51706426.7466884330
2758641.0777003514 552161.3553852360 51706426.7466884330
2124153.6298292708 552161.3553852360 51706426.7466884330
1635598.2949685385 552161.3553852359 51706426.7466884330
1259410.6871257746 552161.3553852359 51706426.7466884330
969746.2290868463 552161.3553852359 51706426.7466884330
746704.5963968717 552161.3553852359 51706426.7466884330
574962.5392255912 552161.3553852359 51706426.7466884330
442721.1552037052 552161.3553852359 51706426.7466884330
340895.2895068530 552161.3553852359 51706426.7466884330
262489.3729202768 552161.3553852359 51706426.7466884330
202116.8171486131 552161.3553852359 51706426.7466884330
155629.9492044321 552161.3553852359 51706426.7466884330
119835.0608874127 552161.3553852359 51706426.7466884330
92272.9968833078 552161.3553852359 51706426.7466884330
71050.2076001470 552161.3553852359 51706426.7466884330
54708.6598521132 552161.3553852359 51706426.7466884330
42125.6680861271 552161.3553852359 51706426.7466884330
32436.7644263179 552161.3553852359 51706426.7466884330
24976.3086082648 552161.3553852359 51706426.7466884330
19231.7576283639 552161.3553852359 51706426.7466884330
14808.4533738402 552161.3553852359 51706426.7466884330
11402.5090978569 552161.3553852359 51706426.7466884330
8779.9320053498 552161.3553852359 51706426.7466884330
6760.5476441194 552161.3553852359 51706426.7466884330
5205.6216859719 552161.3553852359 51706426.7466884330
4008.3286981984 552161.3553852359 51706426.7466884330
3086.4130976128 552161.3553852359 51706426.7466884330
2376.5380851618 552161.3553852359 51706426.7466884330
1829.9343255746 552161.3553852359 51706426.7466884330
1409.0494306924 552161.3553852359 51706426.7466884330
1084.9680616332 552161.3553852359 51706426.7466884330
835.4254074575 552161.3553852359 51706426.7466884330
643.2775637423 552161.3553852359 51706426.7466884330
495.3237240816 552161.3553852359 51706426.7466884330
381.3992675428 552161.3553852359 51706426.7466884330
293.6774360080 552161.3553852359 51706426.7466884330
226.1316257261 552161.3553852359 51706426.7466884330
174.1213518091 552161.3553852359 51706426.7466884330
134.0734408930 552161.3553852359 51706426.7466884330
103.2365494876 552161.3553852359 51706426.7466884330
79.4921431055 552161.3553852359 51706426.7466884330
61.2089501912 552161.3553852359 51706426.7466884330
47.1308916472 552161.3553852359 51706426.7466884330
36.2907865684 552161.3553852359 51706426.7466884330
27.9439056576 552161.3553852359 51706426.7466884330
21.5168073564 552161.3553852359 51706426.7466884330
16.5679416644 552161.3553852359 51706426.7466884330
12.7573150816 552161.3553852359 51706426.7466884330
9.8231326128 552161.3553852359 51706426.7466884330
7.5638121119 552161.3553852359 51706426.7466884330
5.8241353261 552161.3553852359 51706426.7466884330
4.4845842011 552161.3553852359 51706426.7466884330
3.4531298349 552161.3553852359 51706426.7466884330
2.6589099729 552161.3553852359 51706426.7466884330
2.0473606791 552161.3553852359 51706426.7466884330
1.5764677229 552161.3553852359 51706426.7466884330
1.2138801466 552161.3553852359 51706426.7466884330
0.9346877129 552161.3553852359 51706426.7466884330
0.7197095389 552161.3553852359 51706426.7466884330
0.5541763450 552161.3553852359 51706426.7466884330
0.4267157856 552161.3553852359 51706426.7466884330
0.3285711549 552161.3553852359 51706426.7466884330
0.2529997893 552161.3553852359 51706426.7466884330
0.1948098378 552161.3553852359 51706426.7466884330
0.1500035751 552161.3553852359 51706426.7466884330
0.1155027528 552161.3553852359 51706426.7466884330
0.0889371197 552161.3553852359 51706426.7466884330
0.0684815821 552161.3553852359 51706426.7466884330
0.0527308182 552161.3553852359 51706426.7466884330
0.0406027301 552161.3553852359 51706426.7466884330
0.0312641021 552161.3553852359 51706426.7466884330
0.0240733586 552161.3553852359 51706426.7466884330
0.0185364862 552161.3553852359 51706426.7466884330
0.0142730943 552161.3553852359 51706426.7466884330
0.0109902826 552161.3553852359 51706426.7466884330
0.0084625176 552161.3553852359 51706426.7466884330
0.0065161386 552161.3553852359 51706426.7466884330
0.0050174267 552161.3553852359 51706426.7466884330
0.0038634186 552161.3553852359 51706426.7466884330
0.0029748323 552161.3553852359 51706426.7466884330
0.0022906209 552161.3553852359 51706426.7466884330
0.0017637781 552161.3553852359 51706426.7466884330
0.0013581091 552161.3553852359 51706426.7466884330
0.0010457440 552161.3553852359 51706426.7466884330
0.0008052229 552161.3553852359 51706426.7466884330
0.0006200216 552161.3553852359 51706426.7466884330
0.0004774167 552161.3553852359 51706426.7466884330
0.0003676108 552161.3553852359 51706426.7466884330
0.0002830603 552161.3553852359 51706426.7466884330
0.0002179565 552161.3553852359 51706426.7466884330
0.0001678265 552161.3553852359 51706426.7466884330
0.0001292264 552161.3553852359 51706426.7466884330
0.0000995043 552161.3553852359 51706426.7466884330
0.0000766183 552161.3553852359 51706426.7466884330
0.0000589961 552161.3553852359 51706426.7466884330
0.0000454270 552161.3553852359 51706426.7466884330
0.0000349788 552161.3553852359 51706426.7466884330
0.0000269337 552161.3553852359 51706426.7466884330
0.0000207389 552161.3553852359 51706426.7466884330
0.0000159690 552161.3553852359 51706426.7466884330
0.0000122961 552161.3553852359 51706426.7466884330
0.0000094680 552161.3553852359 51706426.7466884330
0.0000072904 552161.3553852359 51706426.7466884330
0.0000056136 552161.3553852359 51706426.7466884330
0.0000043225 552161.3553852359 51706426.7466884330
0.0000033283 552161.3553852359 51706426.7466884330
0.0000025628 552161.3553852359 51706426.7466884330
0.0000019733 552161.3553852359 51706426.7466884330
0.0000015195 552161.3553852359 51706426.7466884330
0.0000011700 552161.3553852359 51706426.7466884330
0.0000009009 552161.3553852359 51706426.7466884330
0.0000006937 552161.3553852359 51706426.7466884330
0.0000005341 552161.3553852359 51706426.7466884330
0.0000004113 552161.3553852359 51706426.7466884330
0.0000003167 552161.3553852359 51706426.7466884330
0.0000002439 552161.3553852359 51706426.7466884330
0.0000001878 552161.3553852359 51706426.7466884330
0.0000001446 552161.3553852359 51706426.7466884330
0.0000001113 552161.3553852359 51706426.7466884330
0.0000000857 552161.3553852359 51706426.7466884330
0.0000000660 552161.3553852359 51706426.7466884330
0.0000000508 552161.3553852359 51706426.7466884330
0.0000000391 552161.3553852359 51706426.7466884330
0.0000000301 552161.3553852359 51706426.7466884330
0.0000000232 552161.3553852359 51706426.7466884330
0.0000000179 552161.3553852359 51706426.7466884330
0.0000000138 552161.3553852359 51706426.7466884330
0.0000000106 552161.3553852359 51706426.7466884330
0.0000000082 552161.3553852359 51706426.7466884330
