1000000000000.0000000000 0.6717480093 50182110.6324928254
1500000000000.0000000000 0.6592247026 51741885.1228192747
2250000000000.0000000000 0.6461063401 53978759.0030405670
3375000000000.0000000000 0.6327003359 57099453.7575849369
5062500000000.0000000000 0.6199464877 61229794.6567576081
7593750000000.0000000000 0.6087439164 66512479.8730221763
11390625000000.0000000000 0.5995176985 73320778.1201653183
17085937500000.0000000000 0.5939960270 81309045.2858718187
25628906250000.0000000000 0.5927331862 90292687.9792817533
38443359375000.0000000000 0.5959391071 99807715.9305209070
57665039062500.0000000000 0.6039242962 110050319.3554683775
86497558593750.0000000000 0.6168523234 121982369.0321150273
129746337890625.0000000000 0.6371015781 140087297.7905667722
194619506835937.5000000000 0.2695989649 367699906.0284682512
291929260253906.2500000000 0.1530072058 1845922.6252028996
437893890380859.3750000000 0.3580514415 1248453.6394290749
656840835571289.0000000000 0.7815405106 1175249.3722658330
985261253356933.5000000000 1.3321127996 1159367.2899066412
1477891880035400.2500000000 1.7758474129 1109739.0671251237
2216837820053100.5000000000 1.9730696792 1027891.6703910524
3325256730079651.0000000000 1.9540333535 933603.0847285269
4987885095119476.0000000000 1.8037144372 839003.3214160155
