1000000000000.0000000000 0.6714209431 50164485.1678826734
1500000000000.0000000000 0.6584427780 51775053.8829378262
2250000000000.0000000000 0.6447132087 54104111.7432761639
3375000000000.0000000000 0.6304986718 57396311.5164307207
5062500000000.0000000000 0.6165988329 61850560.5574708059
7593750000000.0000000000 0.6041129081 67712510.6030080318
11390625000000.0000000000 0.5932822649 75589000.9273637831
17085937500000.0000000000 0.5861550796 85336099.6734176427
25628906250000.0000000000 0.5841089154 97358204.4732131660
38443359375000.0000000000 0.5875855952 111811673.5064361244
57665039062500.0000000000 0.5978495770 130339685.4759845883
86497558593750.0000000000 0.6162119298 159381947.9438205659
129746337890625.0000000000 0.6305126939 226040727.7335439920
194619506835937.5000000000 0.1051089547 4734098.4876574147
291929260253906.2500000000 0.1981056309 1617502.1801353546
437893890380859.3750000000 0.4241994914 1255579.5277487049
656840835571289.0000000000 0.8604874364 1196506.9503750226
985261253356933.5000000000 1.4008205575 1174747.1208732538
1477891880035400.2500000000 1.8261961411 1123059.2602122833
2216837820053100.5000000000 2.0209402199 1047255.0374839549
3325256730079651.0000000000 2.0349570894 968981.2957454898
4987885095119476.0000000000 1.9583895845 900291.8757834447
