10000000.0000000000 0.6414040187 540208877.0780748129
15000000.0000000000 0.6964329413 511947794.8987789154
22500000.0000000000 0.7468029194 481250657.8524508476
33750000.0000000000 0.7974330280 450157008.4281188846
50625000.0000000000 0.8450514043 418221357.4624805450
75937500.0000000000 0.8871386077 387766390.7430830002
113906250.0000000000 0.9279874816 357304849.0108172297
170859375.0000000000 0.9608212080 328770087.4123206735
256289062.5000000000 0.9882487883 301315306.4911181927
384433593.7500000000 1.0062354399 277366126.1529559493
576650390.6250000000 1.0110436381 253705333.5897996724
864975585.9375000000 1.0144827697 230637575.4575264156
1297463378.9062500000 1.0174963430 209465010.5641968548
1946195068.3593750000 1.0031244297 191239924.8934251368
2919292602.5390625000 0.9873390288 173343779.3937913179
4378938903.8085937500 0.9681308190 157080795.5506376624
6568408355.7128906250 0.9535841592 141435874.8374009132
9852612533.5693359375 0.9274232144 126629698.9566871226
14778918800.3540039062 0.9076042203 113681404.4080343395
22168378200.5310058594 0.8847420190 101750522.2909419239
33252567300.7965087891 0.8632211542 90885479.5657907724
49878850951.1947631836 0.8376531485 81413838.4195550084
74818276426.7921447754 0.8128220290 72821152.9457545727
112227414640.1882171631 0.7865937345 65600008.2942124754
168341121960.2823181152 0.7575062064 59406573.3630048335
252511682940.4234619141 0.7241476076 53926555.9493073970
378767524410.6351928711 0.6951198667 50180784.2900491655
568151286615.9527587891 0.6841457948 49657894.6596546695
852226929923.9291992188 0.6761368398 50082858.6453623921
1278340394885.8937988281 0.6655463801 51272761.7096094117
1917510592328.8408203125 0.6548186035 53194679.4681041837
2876265888493.2612304688 0.6450914202 55581423.9438747168
4314398832739.8916015625 0.6377339523 58339521.1556218341
6471598249109.8378906250 0.6327679853 61374331.3413041681
9707397373664.7578125000 0.6307463285 64513502.3883812428
14561096060497.1367187500 0.6318991857 67296308.6476037353
21841644090745.7031250000 0.6353742328 68990183.5624321997
32762466136118.5546875000 0.6379657540 69347128.4075102508
49143699204177.8281250000 1.4046044242 1374284.7954846306
73715548806266.7500000000 0.0096646385 353886.2601974977
110573323209400.1250000000 0.0062232964 290947.9819598808
165859984814100.1875000000 0.0062155374 255741.1524868001
248789977221150.2812500000 0.7754124571 1086746.0171474125
373184965831725.4375000000 0.1155085087 660255.7846728737
559777448747588.1250000000 0.4294735336 922184.4349352201
839666173121382.2500000000 0.8974260499 974603.0624304255
1259499259682073.5000000000 1.0300426432 1038035.4427365978
1889248889523110.2500000000 1.2542523432 1068972.4366032181
2833873334284665.5000000000 1.5735391699 934266.8460590167
4250810001426998.0000000000 0.9500655881 818340.4757226555
6376215002140497.0000000000 0.9714121527 563814.8691034805
