1000000000000.0000000000 0.6713789382 50162417.3508339375
1500000000000.0000000000 0.6583499650 51778915.9040739760
2250000000000.0000000000 0.6445482000 54118807.0933981165
3375000000000.0000000000 0.6302414694 57431159.9532447383
5062500000000.0000000000 0.6162148904 61923644.4545446187
7593750000000.0000000000 0.6035709711 67854855.0431996882
11390625000000.0000000000 0.5925574252 75864585.0303478390
17085937500000.0000000000 0.5852801203 85843533.2839492112
25628906250000.0000000000 0.5830644970 98265296.5386049002
38443359375000.0000000000 0.5866336622 113453784.5284731239
57665039062500.0000000000 0.5971107185 133333972.8954455703
86497558593750.0000000000 0.6158339315 165563268.5915898979
129746337890625.0000000000 0.6194493899 243901976.7996130586
194619506835937.5000000000 0.1082462877 4232644.0495998934
291929260253906.2500000000 0.2047278948 1583569.5659257954
437893890380859.3750000000 0.4373454617 1244784.5083062574
656840835571289.0000000000 0.8869851467 1187852.4001413211
985261253356933.5000000000 1.4490629458 1165622.1388342290
1477891880035400.2500000000 1.9057325594 1117882.6488782177
2216837820053100.5000000000 2.1535411956 1059325.1686553988
3325256730079651.0000000000 2.2790677924 1020026.8493938526
4987885095119476.0000000000 2.4072696947 1013304.1953543330
