1000000.0000000000 0.1735099779 491056661.3129022121
1500000.0000000000 0.2936613852 556711658.9662084579
2250000.0000000000 0.3813653328 579249644.9957734346
3375000.0000000000 0.4644856487 580412551.8917325735
5062500.0000000000 0.5485453783 572206955.2605032921
7593750.0000000000 0.6066921556 556869524.4065080881
11390625.0000000000 0.6613330847 530293989.0995584726
17085937.5000000000 0.7117649150 502654119.2795401216
25628906.2500000000 0.7665797409 469785309.8929909468
38443359.3750000000 0.8140155863 438668787.9153819680
57665039.0625000000 0.8617057504 407109827.9521399140
86497558.5937500000 0.9031778785 375676620.9589428902
129746337.8906250000 0.9402183272 347298415.2745667100
