1000000.0000000000 0.1735099779 491056661.3129022121
1500000.0000000000 0.2936613852 556711658.9662084579
2250000.0000000000 0.3813653328 579249644.9957734346
3375000.0000000000 0.4644856487 580412551.8917325735
5062500.0000000000 0.5485453783 572206955.2605032921
7593750.0000000000 0.6066921556 556869524.4065080881
11390625.0000000000 0.6613330847 530293989.0995584726
17085937.5000000000 0.7117649150 502654119.2795401216
25628906.2500000000 0.7665797409 469785309.8929909468
38443359.3750000000 0.8140155863 438668787.9153819680
57665039.0625000000 0.8617057504 407109827.9521399140
86497558.5937500000 0.9031778785 375676620.9589428902
129746337.8906250000 0.9402183272 347298415.2745667100
194619506.8359375000 0.9747202355 317128663.0827494264
291929260.2539062500 0.9998029320 292791591.7306169271
437893890.3808593750 1.0084578928 269292227.8278548121
656840835.5712890625 1.0123915451 245208839.3907282948
985261253.3569335938 1.0153646497 222603060.9995296896
1477891880.0354003906 1.0131629976 203972369.2707213461
2216837820.0531005859 0.9984802583 185513113.9625396729
3325256730.0796508789 0.9822305366 168172598.9417881072
4987885095.1194763184 0.9615412060 152245359.6241409183
7481827642.6792144775 0.9405362846 136544860.1634282172
11222741464.0188217163 0.9219824739 122011435.8885244131
16834112196.0282325745 0.9009488823 109927089.3502351195
25251168294.0423507690 0.8778258558 97614319.2572249323
37876752441.0635223389 0.8564348332 87992895.1396761239
56815128661.5952835083 0.8305238459 78363987.0979601145
85222692992.3929290771 0.8059106292 70282681.3091946989
127834039488.5893859863 0.7786128806 63275658.2334529907
191751059232.8840942383 0.7486642360 57332624.8945312202
287626588849.3261718750 0.7164075151 52319297.2297987640
431439883273.9892578125 0.6933544860 49530924.4732277766
647159824910.9838867188 0.6832588440 49363145.4740596414
970739737366.4758300781 0.6722345444 50079730.1376348436
1456109606049.7138671875 0.6593992000 51627494.1859078407
2184164409074.5708007812 0.6456568036 53902455.2437204793
3276246613611.8564453125 0.6313486491 57136387.0923306644
4914369920417.7851562500 0.6172361845 61538932.2176149562
7371554880626.6777343750 0.6044289864 67370728.3779215217
11057332320940.0156250000 0.5932469837 75226971.3578842878
16585998481410.0234375000 0.5856218341 85022369.7665494084
24878997722115.0351562500 0.5830235653 97268851.6969846636
37318496583172.5546875000 0.5859863445 112107440.1272144467
55977744874758.8281250000 0.5958381556 131468842.4581158757
83966617312138.2500000000 0.6137459285 162047728.8192984760
125949925968207.3750000000 0.6238560222 231516221.0666953623
188924888952311.0625000000 0.1038883423 5230844.9109257311
283387333428466.6250000000 0.1917351903 1664988.2757331345
425081000142699.9375000000 0.4070740726 1267611.6278183763
637621500214049.8750000000 0.8301040089 1200186.4031285672
956432250321074.7500000000 1.3704980569 1178758.8972879485
1434648375481612.0000000000 1.8085927633 1129329.5345284948
2151972563222418.0000000000 2.0191215777 1055291.4493514902
3227958844833627.0000000000 2.0466029927 978301.9236737104
4841938267250440.0000000000 1.9824258934 911430.2415263166
