1000000000000.0000000000 0.6719586154 50073799.2094836608
1500000000000.0000000000 0.6588192871 51632940.7205630615
2250000000000.0000000000 0.6447746610 53903318.7262634039
3375000000000.0000000000 0.6299689342 57121586.2866846472
5062500000000.0000000000 0.6149775814 61515067.5255643949
7593750000000.0000000000 0.6009610542 67302866.4677861482
11390625000000.0000000000 0.5875620886 75235792.3632424921
17085937500000.0000000000 0.5762029612 85503845.3552444279
25628906250000.0000000000 0.5673880580 99080561.2669134885
38443359375000.0000000000 0.5606270769 118143948.9924616516
57665039062500.0000000000 0.5530226843 148923390.9817596078
86497558593750.0000000000 0.5271554418 207375127.7962004840
129746337890625.0000000000 0.2354161891 252213529.3228741884
194619506835937.5000000000 0.1198917106 9791794.3753535897
291929260253906.2500000000 0.1792979405 2266701.8303968753
437893890380859.3750000000 0.3786381768 1414573.2793401659
656840835571289.0000000000 0.7920219887 1256458.8772840409
985261253356933.5000000000 1.3139152042 1201196.7185948053
1477891880035400.2500000000 1.7084767306 1129943.5826822177
2216837820053100.5000000000 1.8611088027 1036435.4086589799
