10000000.0000000000 0.6414022501 540206056.1139644384
15000000.0000000000 0.6964252430 511945660.5536277294
22500000.0000000000 0.7467809926 481248559.8895698786
33750000.0000000000 0.7974269201 450155753.4550313950
50625000.0000000000 0.8450414310 418220435.1581230164
75937500.0000000000 0.8871209601 387766215.3427230716
113906250.0000000000 0.9279680290 357304758.3141491413
170859375.0000000000 0.9607968274 328770297.2582425475
256289062.5000000000 0.9939847773 301316373.2346907854
384433593.7500000000 1.0058011517 277369866.2977717519
576650390.6250000000 1.0109503559 253708459.6531940103
864975585.9375000000 1.0156824457 230642077.8854550719
1297463378.9062500000 1.0147946011 209471523.3601120710
1946195068.3593750000 1.0030065718 191249429.9309370220
2919292602.5390625000 0.9871531651 173357125.3595822155
4378938903.8085937500 0.9679438141 157098975.4631913006
6568408355.7128906250 0.9466286253 141460434.8452276886
9852612533.5693359375 0.9271145142 126661464.9323846549
14778918800.3540039062 0.9034715963 113724270.8425104916
22168378200.5310058594 0.8842102019 101802481.9301378280
33252567300.7965087891 0.8625663241 90950609.1853693426
49878850951.1947631836 0.8367938508 81497923.7225911319
74818276426.7921447754 0.8117677745 72927538.7499088347
112227414640.1882171631 0.7852131217 65736524.4467070773
168341121960.2823181152 0.7559746474 59582960.1846918836
252511682940.4234619141 0.7223289672 54157272.4072578400
378767524410.6351928711 0.6934681406 50485410.4566573501
568151286615.9527587891 0.6828255537 50003200.5812500715
852226929923.9291992188 0.6760215961 50408465.6243298054
1278340394885.8937988281 0.6677780096 51488004.4642404988
1917510592328.8408203125 0.6598198442 53127236.2764076218
2876265888493.2612304688 0.6539736802 54924833.4930811599
4314398832739.8916015625 0.6509647630 56631038.7962888032
6471598249109.8378906250 0.6503804055 58008318.2377133369
9707397373664.7578125000 0.6515506601 58784022.0039405599
14561096060497.1367187500 0.6524220337 58951098.9114690572
21841644090745.7031250000 1.6305582106 1660047.1695999946
32762466136118.5546875000 1.6412399982 1432368.9182447377
49143699204177.8281250000 0.5961776479 1227248.9148780419
248789977221150.2812500000 0.0747448689 474483.3992385888
559777448747588.1250000000 2.4133950607 1233774.2658303548
839666173121382.2500000000 0.6765225435 868555.2680310045
1259499259682073.5000000000 1.5874348698 1028591.4612406038
1889248889523110.2500000000 1.4971414566 1019467.2043899513
2833873334284665.5000000000 1.1192473501 927460.0498822936
4250810001426998.0000000000 0.7026714797 581504.6549815423
6376215002140497.0000000000 0.0000000000 1139.8544478761
