10000000.0000000000 0.6414097544 540210039.9004446268
15000000.0000000000 0.6964207988 511948659.6579307318
22500000.0000000000 0.7468188697 481251481.5147528052
33750000.0000000000 0.7974461347 450158202.4792286754
50625000.0000000000 0.8448867327 418222172.1712757349
75937500.0000000000 0.8871499230 387766986.7137256265
113906250.0000000000 0.9280116405 357305063.0011737943
170859375.0000000000 0.9607169598 328769759.4285975695
256289062.5000000000 0.9924869859 301314428.5030582547
384433593.7500000000 1.0062335704 277364391.7963730693
576650390.6250000000 1.0110937660 253702228.5818857551
864975585.9375000000 1.0145682198 230632865.0514170825
1297463378.9062500000 1.0149762698 209458513.9386388063
1946195068.3593750000 1.0031832662 191230440.6398655474
2919292602.5390625000 0.9875022290 173330459.9473138452
4378938903.8085937500 0.9683052661 157062633.2165981829
6568408355.7128906250 0.9471044465 141411335.2160822153
9852612533.5693359375 0.9276691048 126597961.0916336924
14778918800.3540039062 0.9079752101 113641203.5321458727
22168378200.5310058594 0.8853368905 101698632.7602005005
33252567300.7965087891 0.8638333209 90820519.2184342593
49878850951.1947631836 0.8391762998 81329993.0095306039
74818276426.7921447754 0.8138705169 72715375.7393260151
112227414640.1882171631 0.7878832077 65464329.3912287131
168341121960.2823181152 0.7625280444 59231505.3036779463
252511682940.4234619141 0.7260989981 53697969.3090719581
378767524410.6351928711 0.6972405568 49879685.4688506424
568151286615.9527587891 0.6855433998 49312796.5381598100
852226929923.9291992188 0.6763507997 49749074.6624718979
1278340394885.8937988281 0.6646772365 51027141.9343328550
1917510592328.8408203125 0.6494249865 53207965.1674009636
2876265888493.2612304688 0.6350959307 56170116.4400543720
4314398832739.8916015625 0.6212957328 60057389.0998811424
6471598249109.8378906250 0.6084859501 65208612.9519669265
9707397373664.7578125000 0.5970515951 72123419.5057431310
14561096060497.1367187500 0.5878399294 81295747.0028708130
21841644090745.7031250000 0.5832681223 93074322.3460533321
32762466136118.5546875000 0.5844223160 107471960.3470959365
49143699204177.8281250000 0.5918908966 124575812.7839901894
73715548806266.7500000000 0.6058561222 147972573.2850051820
110573323209400.1250000000 0.6260367934 197975211.8648469448
165859984814100.1875000000 0.0948976928 31481071.0048804581
248789977221150.2812500000 0.1457409980 2170397.3913225322
373184965831725.4375000000 0.3115026621 1339937.3256021333
559777448747588.1250000000 0.6678814638 1209978.1843976718
839666173121382.2500000000 1.1933414414 1187643.1732176114
1259499259682073.5000000000 1.6890599957 1149054.6582821459
1889248889523110.2500000000 1.9749411048 1080708.1244567495
2833873334284665.5000000000 2.0518154586 1002392.9209582569
4250810001426998.0000000000 2.0080120381 930947.0844466044
6376215002140497.0000000000 1.9175249922 873291.7632023906
